image_name,Dog_037.jpg,Dog_n_Man_010.jpg,Dog_n_Woman_022.jpg,Dog_n_Man_009.jpg,Dog_n_Woman_009.jpg,Dog_022.jpg,Dog_021.jpg,Cat_n_Women_008.jpg,Cat_n_Man_003.jpg,Cat_012.jpg,Dog_n_Man_023.jpg,Cat_n_Dog_009.jpg,Dog_n_Man_016.jpg,Dog_n_Man_020.jpg,Dog_026.jpg,Dog_n_Man_002.jpg,Dog_n_Man_024.jpg,Cat_n_Dog_003.jpg,Cat_004.jpg,Cat_n_Women_004.jpg,Cat_n_Man_001.jpg,Dog_009.jpg,Dog_017.jpg,Dog_n_Woman_007.jpg,Cat_010.jpg,Cat_001.jpg,Dog_n_Man_005.jpg,Dog_n_Woman_002.jpg,Cat_009.jpg,Dog_005.jpg,Dog_n_Woman_004.jpg,Dog_n_Woman_020.jpg,Dog_n_Woman_023.jpg,Cat_n_Women_006.jpg,Dog_006.jpg,Cat_033.jpg,Dog_n_Woman_003.jpg,Dog_042.jpg,Dog_001.jpg,Cat_029.jpg,Dog_n_Man_006.jpg,Cat_n_Man_007.jpg,Cat_022.jpg,Dog_011.jpg,Dog_n_Woman_006.jpg,Cat_025.jpg,Dog_n_Man_003.jpg,Cat_n_Dog_012.jpg,Dog_016.jpg,Dog_n_Woman_017.jpg,Dog_n_Woman_018.jpg,Cat_005.jpg,Dog_015.jpg,Cat_n_Man_009.jpg,Dog_012.jpg,Cat_n_Dog_014.jpg,Dog_n_Woman_013.jpg,Dog_n_Man_018.jpg,Cat_032.jpg,Dog_n_Man_022.jpg,Cat_n_Dog_007.jpg,Dog_n_Man_011.jpg,Cat_031.jpg,Dog_023.jpg,Cat_n_Dog_013.jpg,Dog_n_Man_021.jpg,Cat_n_Women_007.jpg,Dog_034.jpg,Cat_n_Dog_008.jpg,Cat_019.jpg,Cat_015.jpg,Cat_n_Man_004.jpg,Dog_n_Man_013.jpg,Cat_n_Women_003.jpg,Dog_030.jpg,Dog_014.jpg,Cat_n_Man_008.jpg,Dog_n_Man_015.jpg,Dog_024.jpg,Dog_n_Man_017.jpg,Dog_041.jpg,Cat_008.jpg,Dog_004.jpg,Dog_n_Woman_001.jpg,Cat_024.jpg,Cat_n_Women_012.jpg,Dog_n_Woman_005.jpg,Dog_040.jpg,Cat_n_Women_005.jpg,Dog_n_Man_026.jpg,Dog_038.jpg,Cat_n_Women_011.jpg,Dog_n_Man_004.jpg,Cat_n_Man_005.jpg,Cat_n_Dog_011.jpg,Cat_020.jpg,Cat_013.jpg,Dog_013.jpg,Dog_003.jpg,Dog_n_Woman_025.jpg,Cat_002.jpg,Dog_025.jpg,Cat_n_Man_002.jpg,Dog_n_Woman_015.jpg,Cat_014.jpg,Dog_033.jpg,Cat_028.jpg,Dog_035.jpg,Dog_036.jpg,Cat_n_Man_010.jpg,Dog_002.jpg,Dog_n_Woman_016.jpg,Cat_n_Man_006.jpg,Dog_039.jpg,Dog_019.jpg,Cat_007.jpg,Cat_026.jpg,Cat_n_Dog_004.jpg,Dog_010.jpg,Dog_n_Woman_019.jpg,Dog_032.jpg,Dog_n_Woman_024.jpg,Cat_021.jpg,Cat_n_Dog_015.jpg,Dog_008.jpg,Cat_n_Women_001.jpg,Cat_n_Dog_010.jpg,Dog_n_Woman_011.jpg,Dog_043.jpg,Dog_n_Man_019.jpg,Dog_n_Woman_010.jpg,Dog_n_Man_008.jpg,Dog_029.jpg,Dog_n_Man_007.jpg,Dog_007.jpg,Cat_n_Women_013.jpg,Cat_n_Dog_005.jpg,Cat_n_Women_002.jpg,Dog_n_Man_025.jpg,Dog_028.jpg,Cat_011.jpg,Cat_n_Women_010.jpg,Dog_n_Woman_008.jpg,Dog_027.jpg,Dog_n_Man_014.jpg,Dog_n_Man_001.jpg,Cat_023.jpg,Cat_n_Dog_001.jpg
Dog_037.jpg,0.0,0.5017856359481812,0.5360978841781616,0.6176877021789551,0.780713677406311,0.8518938422203064,0.6552135944366455,0.5160976052284241,0.6338877081871033,0.5614269375801086,0.6141892671585083,0.54856938123703,0.62691330909729,0.6642559766769409,0.7258232831954956,0.5641878843307495,0.6178302764892578,0.8497941493988037,0.618044912815094,0.481481671333313,0.5273078680038452,0.7540096044540405,0.6746217012405396,0.541176974773407,0.5621297955513,0.6570411324501038,0.4206470847129822,0.7562253475189209,0.3725874722003937,0.7121994495391846,0.5949380993843079,0.6699091196060181,0.8398811221122742,0.42543095350265503,0.6168151497840881,0.6623196601867676,0.34398776292800903,0.6066044569015503,0.611048698425293,0.6553871035575867,0.7661474943161011,0.6433944702148438,0.6792038083076477,0.6141224503517151,0.49890220165252686,0.6264217495918274,0.7365760803222656,0.6804711818695068,0.8401228785514832,0.8105655312538147,0.6193698644638062,0.4313693940639496,0.9011361002922058,0.52923983335495,0.742274284362793,0.6467382311820984,0.9065394401550293,0.327685683965683,0.4753987491130829,0.462557315826416,0.6622705459594727,0.6069498062133789,0.6199022531509399,0.774355947971344,0.620428740978241,0.5183953046798706,0.4416942596435547,0.6832859516143799,0.7193037867546082,0.7228699922561646,0.5363537669181824,0.5187755823135376,0.5738539099693298,0.5509349703788757,0.8445091247558594,0.5875616073608398,0.4841989278793335,0.6700963973999023,0.7035101652145386,0.6819420456886292,0.5448818206787109,0.7463881969451904,0.6867408752441406,0.5069509744644165,0.6627374291419983,0.36488276720046997,0.5926637649536133,0.870157778263092,0.6306629180908203,0.47144824266433716,0.8933659791946411,0.5474085807800293,0.5928859114646912,0.2514387369155884,0.6854637265205383,0.6057567000389099,0.47301676869392395,0.7779878973960876,0.5925742983818054,0.6879720687866211,0.6059735417366028,0.6706392765045166,0.49759358167648315,0.9011361002922058,0.6692720055580139,0.6416590213775635,0.651027500629425,0.6112325191497803,0.8756029605865479,0.47971951961517334,0.689728856086731,0.5970085859298706,0.579875648021698,0.9449082612991333,0.6275977492332458,0.43488362431526184,0.8617932200431824,0.5760861039161682,0.7007672786712646,0.796539843082428,0.5587046146392822,0.794950008392334,0.5084103345870972,0.6702662706375122,0.9449082612991333,0.552608847618103,0.6847284436225891,0.5065706372261047,0.7409303784370422,0.5186580419540405,0.5708132386207581,0.43488362431526184,0.6337783932685852,0.539790689945221,0.7887450456619263,0.44653213024139404,0.5905590057373047,0.4826938211917877,0.7634918689727783,0.7502732872962952,0.7479516863822937,0.44284486770629883,0.6366214156150818,0.7255135178565979,0.5290147066116333,0.5738539099693298,0.7441637516021729,0.8445091247558594
Dog_n_Man_010.jpg,0.5017856359481812,0.0,0.49448132514953613,0.5588207244873047,0.4948631227016449,0.566743791103363,0.5215911269187927,0.437417596578598,0.5239458084106445,0.44446855783462524,0.5642080307006836,0.4273291230201721,0.696182906627655,0.4756937026977539,0.5774466395378113,0.6329160928726196,0.40472540259361267,0.5635310411453247,0.5313092470169067,0.4028509259223938,0.3991575241088867,0.5259935855865479,0.4385700821876526,0.6363664269447327,0.4321441650390625,0.5836763381958008,0.331281840801239,0.5243832468986511,0.30936580896377563,0.5175490379333496,0.5844742059707642,0.57561856508255,0.5468286871910095,0.3638623058795929,0.760477602481842,0.6764090657234192,0.32515960931777954,0.4944054186344147,0.5562999248504639,0.547451913356781,0.4473165273666382,0.3226723074913025,0.5568228960037231,0.5607627034187317,0.5496616363525391,0.44405409693717957,0.47110220789909363,0.5650849938392639,0.503695547580719,0.5773665904998779,0.5954194664955139,0.45376625657081604,0.551092803478241,0.3895564377307892,0.47082626819610596,0.46871986985206604,0.5424408912658691,0.35373127460479736,0.40308254957199097,0.3145958483219147,0.6219412684440613,0.5175703167915344,0.5363045334815979,0.5084004402160645,0.5733997225761414,0.5609133839607239,0.39618805050849915,0.4556069076061249,0.6139408349990845,0.5300087332725525,0.6030860543251038,0.37977543473243713,0.5686237812042236,0.3877083957195282,0.46409374475479126,0.4546099305152893,0.48064085841178894,0.5537428259849548,0.5179965496063232,0.5700492858886719,0.7120016813278198,0.5152930021286011,0.4540172517299652,0.3418598771095276,0.6209725737571716,0.32415711879730225,0.600104033946991,0.5115803480148315,0.5541865825653076,0.2984146177768707,0.5533473491668701,0.6097185611724854,0.579713761806488,0.32675862312316895,0.4772946834564209,0.5501407384872437,0.43589189648628235,0.5492886304855347,0.649129331111908,0.629981279373169,0.5758866667747498,0.5461940169334412,0.39288851618766785,0.551092803478241,0.7026711106300354,0.4615090787410736,0.5919768810272217,0.5092342495918274,0.5366784334182739,0.3960244655609131,0.7065338492393494,0.5253354907035828,0.5074206590652466,0.5631657838821411,0.621731162071228,0.6164426207542419,0.6634584665298462,0.6001845002174377,0.538227379322052,0.5671833753585815,0.5196661949157715,0.504440426826477,0.6244283318519592,0.47540247440338135,0.5631657838821411,0.37168270349502563,0.6984931826591492,0.5303484797477722,0.6472994089126587,0.6364895701408386,0.5473863482475281,0.6164426207542419,0.8040949106216431,0.33686310052871704,0.6110506653785706,0.33267906308174133,0.5635417699813843,0.40787145495414734,0.5294085741043091,0.5785813927650452,0.5320580005645752,0.33746495842933655,0.603218674659729,0.5269993543624878,0.7299762964248657,0.5686237812042236,0.49389851093292236,0.46409374475479126
Dog_n_Woman_022.jpg,0.5360978841781616,0.49448132514953613,0.0,0.49751830101013184,0.45992523431777954,0.4925641119480133,0.4251849353313446,0.46520689129829407,0.41161981225013733,0.3878153860569,0.4832848012447357,0.6021751165390015,0.6361591815948486,0.42820367217063904,0.44464966654777527,0.4502907991409302,0.4117225110530853,0.5666121244430542,0.4362841844558716,0.37909790873527527,0.3624087870121002,0.4355856776237488,0.396670401096344,0.4109606146812439,0.33853086829185486,0.43900933861732483,0.3190118968486786,0.6434046626091003,0.1642579585313797,0.3635065257549286,0.5053359866142273,0.48590296506881714,0.5098734498023987,0.39629456400871277,0.48381659388542175,0.4472881853580475,0.3337002098560333,0.4401482343673706,0.45571956038475037,0.44838273525238037,0.5142049193382263,0.40846964716911316,0.4557696580886841,0.46467530727386475,0.3707108795642853,0.41413694620132446,0.5343642830848694,0.48443302512168884,0.49181005358695984,0.5063160061836243,0.4856370687484741,0.527681827545166,0.5867348909378052,0.3680075705051422,0.46838513016700745,0.3778676986694336,0.5485849380493164,0.4253480136394501,0.3990474343299866,0.32178178429603577,0.3955995738506317,0.4883667826652527,0.39428025484085083,0.5086596608161926,0.4363114833831787,0.6194838881492615,0.3591037690639496,0.4421452581882477,0.46779459714889526,0.4895746409893036,0.5870255827903748,0.45927736163139343,0.45871487259864807,0.4157072901725769,0.5474965572357178,0.3816644847393036,0.4147363007068634,0.5790659785270691,0.39268845319747925,0.4694601893424988,0.4290173053741455,0.4400005638599396,0.4576178193092346,0.35013243556022644,0.5596321821212769,0.3392127752304077,0.4324361979961395,0.4897690415382385,0.39497461915016174,0.319934219121933,0.5572672486305237,0.44281789660453796,0.5378236174583435,0.24507242441177368,0.7471328973770142,0.4449104070663452,0.4405252933502197,0.6735712885856628,0.46773573756217957,0.4777735471725464,0.39696377515792847,0.6385031342506409,0.42745742201805115,0.5867348909378052,0.6500192880630493,0.41716885566711426,0.4630689024925232,0.4231272041797638,0.5642748475074768,0.36868464946746826,0.4642537534236908,0.4236241281032562,0.41069844365119934,0.5401830673217773,0.4441722333431244,0.49248483777046204,0.5746912360191345,0.6675138473510742,0.4634905755519867,0.5783499479293823,0.4481784701347351,0.49836671352386475,0.46561887860298157,0.4139789342880249,0.5401830673217773,0.4195594787597656,0.5634975433349609,0.45953670144081116,0.5378100872039795,0.46403267979621887,0.4914837181568146,0.49248483777046204,0.5049893260002136,0.44358018040657043,0.49290111660957336,0.34267324209213257,0.8847164511680603,0.5881718397140503,0.4839581549167633,0.5161996483802795,0.5207086801528931,0.3518246114253998,0.6042799949645996,0.3852096498012543,0.4344642162322998,0.45871487259864807,0.45474064350128174,0.5474965572357178
Dog_n_Man_009.jpg,0.6176877021789551,0.5588207244873047,0.49751830101013184,0.0,0.5705963969230652,0.6122564077377319,0.48612087965011597,0.4712463319301605,0.48672565817832947,0.4632585942745209,0.5164273977279663,0.47949743270874023,0.5915637016296387,0.562569260597229,0.5274472832679749,0.5717012286186218,0.5120922923088074,0.6436789035797119,0.5852500796318054,0.4594695270061493,0.38886407017707825,0.5483047366142273,0.5274686813354492,0.4812008738517761,0.4054846465587616,0.5117591619491577,0.39114224910736084,0.6069539189338684,0.34673649072647095,0.5295357704162598,0.5796616673469543,0.6562593579292297,0.5936375260353088,0.3186728060245514,0.613783597946167,0.6078386306762695,0.3096153140068054,0.48266488313674927,0.5141744017601013,0.5272449851036072,0.5429235696792603,0.49138128757476807,0.5511592030525208,0.5435115098953247,0.4434720277786255,0.4122089147567749,0.564811110496521,0.5751146078109741,0.5710906386375427,0.6191093325614929,0.5687153339385986,0.4157258868217468,0.6593278050422668,0.4211730659008026,0.61473149061203,0.4947437644004822,0.6368356943130493,0.43362075090408325,0.416212797164917,0.3583465814590454,0.5141164660453796,0.45787543058395386,0.5029677748680115,0.583263635635376,0.8765055537223816,0.4960308372974396,0.5147656202316284,0.5406827926635742,0.5809339880943298,0.5430867671966553,0.5402653813362122,0.41165390610694885,0.6486065983772278,0.4541698396205902,0.6203610897064209,0.48810920119285583,0.43178731203079224,0.5202705264091492,0.6335970163345337,0.5891950130462646,0.6553981900215149,0.5706732273101807,0.5925784707069397,0.38881364464759827,0.5510402917861938,0.2850896418094635,0.926626443862915,0.5998241305351257,0.5228842496871948,0.43770283460617065,0.6311342120170593,0.509032130241394,0.7487288117408752,0.32095056772232056,0.4833509624004364,0.4872553050518036,0.4387422204017639,0.5693656206130981,0.5088759064674377,0.5478293299674988,0.5575887560844421,0.5679321885108948,0.47255516052246094,0.6593278050422668,0.6323134303092957,0.44497808814048767,0.5880910754203796,0.5178685188293457,0.6349110007286072,0.454832524061203,0.564349889755249,0.5947909355163574,0.480148047208786,0.6453046798706055,0.4797559976577759,0.5163292288780212,0.6214253306388855,0.5431683659553528,0.542532205581665,0.63193279504776,0.5409213900566101,0.5390815734863281,0.4710317850112915,0.5338287949562073,0.6453046798706055,0.3943667709827423,0.5882560610771179,0.5831521153450012,0.6408807039260864,0.498064786195755,0.46744614839553833,0.5163292288780212,0.6747453212738037,0.4591171443462372,0.6683043837547302,0.338666707277298,0.5672347545623779,0.48198437690734863,0.6299722790718079,0.6055803298950195,0.5647860765457153,0.38347724080085754,0.5520045161247253,0.5842158794403076,0.5993921756744385,0.6486065983772278,0.5346731543540955,0.6203610897064209
Dog_n_Woman_009.jpg,0.780713677406311,0.4948631227016449,0.45992523431777954,0.5705963969230652,0.0,0.7391881346702576,0.6469923257827759,0.4642748534679413,0.6292170286178589,0.5833108425140381,0.5608809590339661,0.5243504643440247,0.5999789834022522,0.6256994605064392,0.7150801420211792,0.5739309191703796,0.5731983184814453,0.6753888130187988,0.6104220747947693,0.4879215657711029,0.5545260310173035,0.7611265182495117,0.6604655981063843,0.5534352660179138,0.580432653427124,0.6787547469139099,0.43593093752861023,0.7051550149917603,0.5554916858673096,0.7250908017158508,0.5861613750457764,0.6277090907096863,0.6256393790245056,0.3880479037761688,0.5998741388320923,0.6193147897720337,0.3704957365989685,0.6073791980743408,0.5366119742393494,0.6029812097549438,0.6767420172691345,0.46767979860305786,0.6758401393890381,0.6183085441589355,0.5185743570327759,0.6276493668556213,0.7001819014549255,0.687721312046051,0.72071373462677,0.6755659580230713,0.590598464012146,0.4710704982280731,0.7084540724754333,0.5332987308502197,0.7306819558143616,0.68624347448349,0.746258020401001,0.3621355891227722,0.4909979999065399,0.4306545555591583,0.677844762802124,0.594418466091156,0.6152758598327637,0.7113074064254761,0.5669136643409729,0.49763086438179016,0.4588870704174042,0.651527464389801,0.7379602789878845,0.6773166060447693,0.48953813314437866,0.46693339943885803,0.5276479721069336,0.5343596935272217,0.6698342561721802,0.583334743976593,0.4981733560562134,0.6564111709594727,0.6500864028930664,0.6303758025169373,0.528968334197998,0.7801151871681213,0.6513997912406921,0.5214354395866394,0.6249133944511414,0.3336339294910431,0.5643735527992249,0.7168234586715698,0.6600049138069153,0.4503207802772522,0.7355738878250122,0.5761102437973022,0.5795953273773193,0.2956821024417877,0.6087581515312195,0.6208884716033936,0.4365110993385315,0.6005933284759521,0.5944622159004211,0.7025225162506104,0.6008316278457642,0.6066844463348389,0.4554458260536194,0.7084540724754333,0.5481423139572144,0.5787466764450073,0.636406421661377,0.6320230960845947,0.6902074217796326,0.4589422047138214,0.6664921045303345,0.5529537796974182,0.5180037021636963,0.7865036725997925,0.6244173645973206,0.4110707640647888,0.7554745674133301,0.5579407215118408,0.6870108842849731,0.6345014572143555,0.52364581823349,0.6840246915817261,0.5277817249298096,0.7011887431144714,0.7865036725997925,0.5589649677276611,0.6778974533081055,0.544393002986908,0.6131605505943298,0.5034356713294983,0.6347470879554749,0.4110707640647888,0.6271858811378479,0.5393127202987671,0.6377489566802979,0.5105720162391663,0.5221737623214722,0.4694032371044159,0.6346608996391296,0.5720484852790833,0.7186721563339233,0.46710774302482605,0.6103838086128235,0.7326278686523438,0.528847336769104,0.5276479721069336,0.7412898540496826,0.6698342561721802
Dog_022.jpg,0.8518938422203064,0.566743791103363,0.4925641119480133,0.6122564077377319,0.7391881346702576,0.0,0.8599581122398376,0.6113419532775879,0.7546753883361816,0.5919352769851685,0.5583226084709167,0.4998728930950165,0.7197228670120239,0.5858338475227356,0.7244516611099243,0.5756908655166626,0.6753904223442078,0.7468066215515137,0.5955630540847778,0.3940848410129547,0.6639267206192017,0.7467119693756104,0.7869007587432861,0.6666873693466187,0.727816641330719,0.7393197417259216,0.48371660709381104,0.7821342945098877,0.3576867878437042,0.7847418189048767,0.6005603075027466,0.6868059039115906,0.7805506587028503,0.35272708535194397,0.7019612789154053,0.6542806029319763,0.3384765684604645,0.6667511463165283,0.5445759892463684,0.6552582383155823,0.7380536794662476,0.5043143033981323,0.7888298034667969,0.6853047609329224,0.6757230162620544,0.7533959746360779,0.7030905485153198,0.7315564155578613,0.8734396696090698,0.7848693132400513,0.6597549915313721,0.429399698972702,0.8130325078964233,0.5965116620063782,0.695480465888977,0.6950799226760864,0.8852595686912537,0.34708401560783386,0.5165719985961914,0.6075983643531799,0.7530446648597717,0.7241577506065369,0.7539231777191162,0.7862408757209778,0.5962899923324585,0.5261496901512146,0.3936414122581482,0.6785153746604919,0.7813223004341125,0.7027746438980103,0.5133323669433594,0.6523892879486084,0.550931990146637,0.45014917850494385,0.7437903881072998,0.5825862288475037,0.5325920581817627,0.7026676535606384,0.6892333030700684,0.6343677043914795,0.5708793997764587,0.7563989162445068,0.6460615396499634,0.5114939212799072,0.7051840424537659,0.325027734041214,0.6063892245292664,0.8710927963256836,0.7485255002975464,0.5074324011802673,0.7968302965164185,0.5809502601623535,0.6093437075614929,0.28062325716018677,0.683140754699707,0.6843814253807068,0.4687553942203522,0.7569618821144104,0.6691938638687134,0.7901610136032104,0.7495926022529602,0.6741340160369873,0.5501410961151123,0.8130325078964233,0.6084767580032349,0.697649359703064,0.6123131513595581,0.6784288883209229,0.7831327319145203,0.5931423902511597,0.7461254000663757,0.5437270998954773,0.6825511455535889,0.9122978448867798,0.7394470572471619,0.4738996922969818,0.8367171287536621,0.5716190338134766,0.741931140422821,0.7079389691352844,0.5243328213691711,0.8107959032058716,0.6072869896888733,0.697287380695343,0.9122978448867798,0.6179528832435608,0.7447780966758728,0.5095848441123962,0.695829451084137,0.5496849417686462,0.5463854670524597,0.4738996922969818,0.6661769151687622,0.4122048616409302,0.871731162071228,0.35629287362098694,0.5492490530014038,0.40831977128982544,0.6854794025421143,0.6734415292739868,0.7850970029830933,0.47331416606903076,0.7035306096076965,0.7931336760520935,0.5760161876678467,0.550931990146637,0.736870527267456,0.7437903881072998
Dog_021.jpg,0.6552135944366455,0.5215911269187927,0.4251849353313446,0.48612087965011597,0.6469923257827759,0.8599581122398376,0.0,0.6141729354858398,0.7480354905128479,0.5683873295783997,0.5418275594711304,0.4506438374519348,0.6711806058883667,0.5674799084663391,0.7198669910430908,0.5345267057418823,0.661739706993103,0.5751111507415771,0.5261059999465942,0.33640938997268677,0.7270999550819397,0.7349830865859985,0.7568244934082031,0.6996462345123291,0.7523621916770935,0.7363071441650391,0.5147029161453247,0.7311668395996094,0.3657587170600891,0.7312850952148438,0.5858092904090881,0.6165018081665039,0.6386323571205139,0.317649781703949,0.6689313054084778,0.580597460269928,0.35335272550582886,0.6981700658798218,0.50340735912323,0.6160479187965393,0.6817047595977783,0.3990882933139801,0.7441799640655518,0.7459554076194763,0.7272381782531738,0.763873279094696,0.69838947057724,0.7101057171821594,0.7879412174224854,0.6593083739280701,0.6320244669914246,0.3999456465244293,0.5965122580528259,0.6040282249450684,0.6337388157844543,0.7255275845527649,0.7299534678459167,0.3642703890800476,0.5331008434295654,0.6577199697494507,0.6827834844589233,0.7501966953277588,0.7003455758094788,0.7063502669334412,0.5290595293045044,0.4450741708278656,0.3933228850364685,0.6010226011276245,0.7573614120483398,0.6517014503479004,0.45372605323791504,0.7320297360420227,0.5571227669715881,0.4264577627182007,0.5473341941833496,0.5012403726577759,0.5459104776382446,0.6976342797279358,0.6130627989768982,0.5519672632217407,0.5235882997512817,0.6642358899116516,0.5235669016838074,0.5148977637290955,0.6956347823143005,0.3759571611881256,0.47147247195243835,0.7436566948890686,0.7273361682891846,0.5385679006576538,0.6217961311340332,0.4853968620300293,0.5082767009735107,0.28535032272338867,0.6446933150291443,0.7203162908554077,0.4398900270462036,0.6857028603553772,0.5966261625289917,0.7425157427787781,0.7353882789611816,0.6518814563751221,0.5403161644935608,0.5965122580528259,0.5416943430900574,0.6569918394088745,0.5165180563926697,0.6627386212348938,0.6042103171348572,0.6269401907920837,0.7131319642066956,0.48290908336639404,0.6561138033866882,0.7178745269775391,0.6890150308609009,0.42699265480041504,0.6947657465934753,0.4736049473285675,0.7718838453292847,0.5586965084075928,0.547858715057373,0.8131732940673828,0.5972143411636353,0.7062819600105286,0.7178745269775391,0.6208471655845642,0.6588600277900696,0.457623690366745,0.5320708751678467,0.5967949628829956,0.5048008561134338,0.42699265480041504,0.6267294883728027,0.37110674381256104,0.7817374467849731,0.3196827471256256,0.44608137011528015,0.41882994771003723,0.5849635601043701,0.6271594762802124,0.8031696081161499,0.48866188526153564,0.6515997052192688,0.7516860961914062,0.46546149253845215,0.5571227669715881,0.7577763199806213,0.5473341941833496
Cat_n_Women_008.jpg,0.5160976052284241,0.437417596578598,0.46520689129829407,0.4712463319301605,0.4642748534679413,0.6113419532775879,0.6141729354858398,0.0,0.7154198884963989,0.45370012521743774,0.45962607860565186,0.29868993163108826,0.6368433237075806,0.4509422183036804,0.4343840181827545,0.3656451106071472,0.8205029964447021,0.42469510436058044,0.357200026512146,0.48445820808410645,0.6473609209060669,0.4820830523967743,0.7384818196296692,0.5401847958564758,0.5690486431121826,0.5341991186141968,0.6336870193481445,0.5879060626029968,0.43816184997558594,0.5297247171401978,0.43551164865493774,0.4714992344379425,0.527065634727478,0.5055196285247803,0.5083189010620117,0.42295148968696594,0.47183117270469666,0.5042992234230042,0.36016392707824707,0.4170706570148468,0.7622209787368774,0.5074524283409119,0.6176478862762451,0.49098408222198486,0.5652630925178528,0.5876599550247192,0.4580399990081787,0.5053768157958984,0.5496919751167297,0.5401921272277832,0.5633227825164795,0.30013927817344666,0.3918250501155853,0.7494087815284729,0.4706801474094391,0.5023929476737976,0.5120027661323547,0.4432883560657501,0.6751880645751953,0.8371437788009644,0.49652498960494995,0.5162016153335571,0.5588158965110779,0.5216214656829834,0.47478610277175903,0.3885895609855652,0.5450486540794373,0.4551491439342499,0.5014981627464294,0.42935019731521606,0.3678061068058014,0.759121298789978,0.42788997292518616,0.4822902977466583,0.33432090282440186,0.4422210454940796,0.6499558687210083,0.4875006675720215,0.5263033509254456,0.4364372789859772,0.4446297883987427,0.4276512563228607,0.2359960973262787,0.6445361971855164,0.5213406682014465,0.4068240821361542,0.43406614661216736,0.5714616775512695,0.5884524583816528,0.6853221654891968,0.4028584361076355,0.30372190475463867,0.4883679151535034,0.40029916167259216,0.561020016670227,0.518977701663971,0.2012099027633667,0.5400768518447876,0.4324202537536621,0.5113878846168518,0.6581279039382935,0.5105769038200378,0.7575137615203857,0.3918250501155853,0.5149831771850586,0.5794493556022644,0.4216627776622772,0.5452432632446289,0.38754135370254517,0.7442106008529663,0.49112358689308167,0.42554935812950134,0.7886170148849487,0.4930137097835541,0.5305038094520569,0.3094649612903595,0.503009557723999,0.4324583411216736,0.4302184581756592,0.5054800510406494,0.29699063301086426,0.5420647263526917,0.4199994206428528,0.5383642315864563,0.4930137097835541,0.8053708672523499,0.39683204889297485,0.3516891598701477,0.37982067465782166,0.4140613079071045,0.4484405219554901,0.3094649612903595,0.4383212625980377,0.4768030345439911,0.5203403830528259,0.45885276794433594,0.4470118284225464,0.5898187756538391,0.5117627382278442,0.4901878237724304,0.5530864000320435,0.6569608449935913,0.5934097766876221,0.557228147983551,0.3567955791950226,0.42788997292518616,0.4141148030757904,0.33432090282440186
Cat_n_Man_003.jpg,0.6338877081871033,0.5239458084106445,0.41161981225013733,0.48672565817832947,0.6292170286178589,0.7546753883361816,0.7480354905128479,0.7154198884963989,0.0,0.5691304206848145,0.5422447323799133,0.42079493403434753,0.6714609861373901,0.5063027143478394,0.6536228656768799,0.5820409655570984,0.7829329371452332,0.555143415927887,0.45539048314094543,0.5444002151489258,0.8000122308731079,0.6918959617614746,0.8163344264030457,0.6989419460296631,0.7593750953674316,0.7501723170280457,0.6349212527275085,0.6942472457885742,0.40944069623947144,0.7581319808959961,0.5182718634605408,0.6499843597412109,0.6485351920127869,0.548603355884552,0.6628290414810181,0.5393854975700378,0.6334587931632996,0.7201513051986694,0.5027621984481812,0.5931466817855835,0.7292220592498779,0.4950266480445862,0.7610874772071838,0.6338798403739929,0.7692552804946899,0.815791130065918,0.5993637442588806,0.7610325217247009,0.7447040677070618,0.6879903078079224,0.6874327659606934,0.41510745882987976,0.5156803727149963,0.7945513725280762,0.6158709526062012,0.7317110300064087,0.6842606663703918,0.4151821732521057,0.6324114799499512,0.7521004676818848,0.7524304389953613,0.7413434982299805,0.764825165271759,0.7121197581291199,0.5226084589958191,0.4817526042461395,0.5376068949699402,0.5620319247245789,0.7625818848609924,0.6230025887489319,0.43358850479125977,0.6903198957443237,0.5070452094078064,0.5188997983932495,0.4693259298801422,0.5281946659088135,0.6739464998245239,0.6778448224067688,0.6589152812957764,0.5257378220558167,0.5402091145515442,0.6423404216766357,0.43230319023132324,0.7068787813186646,0.6733123660087585,0.444988489151001,0.5008867979049683,0.739630401134491,0.7596139311790466,0.635803759098053,0.544941782951355,0.44235333800315857,0.5379427671432495,0.4832629859447479,0.660298764705658,0.7295942902565002,0.423233300447464,0.6044014096260071,0.6111288666725159,0.8671264052391052,0.829612135887146,0.6371461749076843,0.711986780166626,0.5156803727149963,0.5123955607414246,0.6984021067619324,0.5165087580680847,0.78116774559021,0.5254244208335876,0.7131525874137878,0.6493420600891113,0.4743638038635254,0.7719532251358032,0.6809143424034119,0.7213211059570312,0.4029499292373657,0.7304893136024475,0.498832106590271,0.6431612372398376,0.585563600063324,0.44838809967041016,0.712673544883728,0.5798205733299255,0.7479376196861267,0.6809143424034119,0.7805913686752319,0.6456852555274963,0.46650299429893494,0.4950426518917084,0.5002853274345398,0.5359718799591064,0.4029499292373657,0.5916883945465088,0.5090069770812988,0.6795464158058167,0.48908883333206177,0.43742331862449646,0.47373804450035095,0.5976632237434387,0.5509380102157593,0.7198391556739807,0.7094500660896301,0.7266031503677368,0.8012501001358032,0.5146356225013733,0.5070452094078064,0.56569504737854,0.4693259298801422
Cat_012.jpg,0.5614269375801086,0.44446855783462524,0.3878153860569,0.4632585942745209,0.5833108425140381,0.5919352769851685,0.5683873295783997,0.45370012521743774,0.5691304206848145,0.0,0.44468390941619873,0.4206329584121704,0.581518292427063,0.5418647527694702,0.5478523969650269,0.534468412399292,0.4929009974002838,0.47982504963874817,0.6844139099121094,0.3676166534423828,0.582850456237793,0.5532070398330688,0.5465757250785828,0.618117094039917,0.6966292858123779,0.7527257800102234,0.44752126932144165,0.6371502876281738,0.36621394753456116,0.5930725932121277,0.5292068719863892,0.5705646276473999,0.5170601606369019,0.2972956895828247,0.6254945397377014,0.493692547082901,0.35883766412734985,0.614183783531189,0.5046716332435608,0.5830733776092529,0.538301944732666,0.42168277502059937,0.7322468161582947,0.6152411103248596,0.5397675037384033,0.6341410279273987,0.6464853286743164,0.6265483498573303,0.6470541954040527,0.53620845079422,0.5391753315925598,0.41306841373443604,0.5091256499290466,0.46569833159446716,0.5222537517547607,0.6301612854003906,0.623640239238739,0.38209882378578186,0.4064454734325409,0.40429428219795227,0.6117664575576782,0.6149627566337585,0.5238896608352661,0.6982249617576599,0.4862138032913208,0.456390380859375,0.4691052734851837,0.6026407480239868,0.6787891983985901,0.5902354717254639,0.6042472124099731,0.46312716603279114,0.4653225839138031,0.5141099095344543,0.49031612277030945,0.48436617851257324,0.4787689447402954,0.58939129114151,0.5745851397514343,0.530765950679779,0.5363162159919739,0.5785949230194092,0.4734904170036316,0.437532901763916,0.6984972357749939,0.3103159964084625,0.47423747181892395,0.6066936254501343,0.5826494693756104,0.5236418843269348,0.5994884371757507,0.46184903383255005,0.4719494581222534,0.3350411653518677,0.5479187965393066,0.671082079410553,0.45516297221183777,0.5256832838058472,0.5038465261459351,0.6346500515937805,0.6498780846595764,0.6048187017440796,0.42897647619247437,0.5091256499290466,0.48885560035705566,0.5875704884529114,0.6186174154281616,0.7253314256668091,0.5499188303947449,0.46799972653388977,0.5606203675270081,0.4436711370944977,0.46059107780456543,0.5785074234008789,0.5673525333404541,0.45296913385391235,0.5950613021850586,0.5010309815406799,0.636772871017456,0.49608224630355835,0.4174734652042389,0.6388459801673889,0.508685827255249,0.6282932758331299,0.5785074234008789,0.44594573974609375,0.5816552042961121,0.4751380681991577,0.4694836735725403,0.4620217978954315,0.5300076603889465,0.45296913385391235,0.5406975150108337,0.35548272728919983,0.5638272762298584,0.3981361389160156,0.4176821708679199,0.3590281307697296,0.5823190808296204,0.5019987225532532,0.6131957173347473,0.4466705322265625,0.5404172539710999,0.623289167881012,0.45035308599472046,0.4653225839138031,0.5315303802490234,0.49031612277030945
Dog_n_Man_023.jpg,0.6141892671585083,0.5642080307006836,0.4832848012447357,0.5164273977279663,0.5608809590339661,0.5583226084709167,0.5418275594711304,0.45962607860565186,0.5422447323799133,0.44468390941619873,0.0,0.5295358896255493,0.5772640109062195,0.6218178868293762,0.6443023085594177,0.4829188287258148,0.5315649509429932,0.6286172270774841,0.483379065990448,0.4167710244655609,0.47730425000190735,0.6500735282897949,0.5486347079277039,0.5099010467529297,0.44750770926475525,0.5234963893890381,0.4212478995323181,0.5735224485397339,0.34105128049850464,0.5824204683303833,0.7355611324310303,0.6089292168617249,0.6255865693092346,0.45901432633399963,0.60712730884552,0.6122542023658752,0.4370958209037781,0.5525780320167542,0.49554410576820374,0.560941755771637,0.5401844382286072,0.5065504908561707,0.5167040228843689,0.5762068033218384,0.4960651397705078,0.49463722109794617,0.5256367921829224,0.7639949917793274,0.5901000499725342,0.6226718425750732,0.580064058303833,0.38982707262039185,0.5986624956130981,0.48675858974456787,0.6344957947731018,0.573531985282898,0.6190563440322876,0.3462565541267395,0.4663459360599518,0.3962896764278412,0.5483294725418091,0.5281993746757507,0.5216156244277954,0.5544375777244568,0.5905986428260803,0.5122342109680176,0.45969879627227783,0.5346368551254272,0.5944732427597046,0.5636621117591858,0.4411264657974243,0.44785672426223755,0.6070386171340942,0.5019009709358215,0.5467883944511414,0.45780643820762634,0.457641065120697,0.5877581834793091,0.5902814269065857,0.5839334726333618,0.555321455001831,0.5689672827720642,0.4729457199573517,0.3917222023010254,0.5317376255989075,0.5102136135101318,0.512047529220581,0.6162465810775757,0.5478338599205017,0.4465745985507965,0.5808894038200378,0.46315786242485046,0.5406975746154785,0.2773377001285553,0.550069272518158,0.6077553033828735,0.4549422860145569,0.5924555063247681,0.5522381067276001,0.6017981767654419,0.5194457769393921,0.6052592396736145,0.4652237296104431,0.5986624956130981,0.5962936282157898,0.48470571637153625,0.7777708172798157,0.4956020414829254,0.5768197178840637,0.490211546421051,0.6329415440559387,0.5052184462547302,0.47310444712638855,0.625688910484314,0.5387861728668213,0.4518953561782837,0.6411474943161011,0.5092863440513611,0.5980839133262634,0.6902511119842529,0.6231649518013,0.5729275345802307,0.5251119136810303,0.5818548202514648,0.625688910484314,0.4546801745891571,0.6132450699806213,0.48691996932029724,0.5710037350654602,0.5852341055870056,0.43884027004241943,0.4518953561782837,0.6382401585578918,0.43115752935409546,0.6036897897720337,0.39971598982810974,0.5098419785499573,0.47031664848327637,0.600691556930542,0.6326014995574951,0.7463588714599609,0.45682018995285034,0.6024124622344971,0.5938417911529541,0.511408805847168,0.6070386171340942,0.6005412936210632,0.5467883944511414
Cat_n_Dog_009.jpg,0.54856938123703,0.4273291230201721,0.6021751165390015,0.47949743270874023,0.5243504643440247,0.4998728930950165,0.4506438374519348,0.29868993163108826,0.42079493403434753,0.4206329584121704,0.5295358896255493,0.0,0.5064278841018677,0.481962114572525,0.5312761068344116,0.4437501132488251,0.3499857187271118,0.5855050086975098,0.46580639481544495,0.33346325159072876,0.375740647315979,0.556326687335968,0.411498099565506,0.415815144777298,0.3974354565143585,0.46858787536621094,0.30345380306243896,0.6004515886306763,0.22035875916481018,0.5042633414268494,0.5134456753730774,0.5751263499259949,0.5096295475959778,0.31788304448127747,0.4957036077976227,0.48260393738746643,0.28445279598236084,0.4890923500061035,0.45930564403533936,0.450449138879776,0.43553534150123596,0.405723512172699,0.48526784777641296,0.5094205141067505,0.3804433047771454,0.46856680512428284,0.5650408267974854,0.5379180312156677,0.5343786478042603,0.5593131184577942,0.4870862662792206,0.4593070447444916,0.588374674320221,0.26318299770355225,0.5610904097557068,0.4863481819629669,0.5830729007720947,0.25852373242378235,0.33406463265419006,0.1936357170343399,0.46895548701286316,0.5277335047721863,0.4198235869407654,0.5403614640235901,0.48537230491638184,0.6030917167663574,0.3479924201965332,0.543777585029602,0.5490333437919617,0.577477753162384,0.5216124653816223,0.32179516553878784,0.48627081513404846,0.4286929965019226,0.6951295733451843,0.39080139994621277,0.3815383017063141,0.6300510764122009,0.4736403822898865,0.45242705941200256,0.44085559248924255,0.5246435403823853,0.6536577939987183,0.3265853226184845,0.5453333854675293,0.327315092086792,0.47344592213630676,0.52848219871521,0.45111536979675293,0.305164098739624,0.575999915599823,0.4710081219673157,0.48773089051246643,0.1810101568698883,0.6017675399780273,0.4932163953781128,0.6197203397750854,0.5880630016326904,0.4620399475097656,0.5322617888450623,0.4367693066596985,0.6004353761672974,0.3251146972179413,0.588374674320221,0.5207288265228271,0.5186310410499573,0.5445460677146912,0.4216027557849884,0.5888708233833313,0.2991558611392975,0.5365054607391357,0.4674272835254669,0.33619290590286255,0.5652081370353699,0.4596380889415741,0.49895384907722473,0.5750152468681335,0.6284457445144653,0.5628828406333923,0.5908371806144714,0.651094913482666,0.5514941811561584,0.4524148404598236,0.6631484627723694,0.5652081370353699,0.3241897225379944,0.5950778722763062,0.4641342759132385,0.5441940426826477,0.4546327292919159,0.5025417804718018,0.49895384907722473,0.5476253032684326,0.42055872082710266,0.5585641264915466,0.3059355616569519,0.6499918699264526,0.42732274532318115,0.5032573938369751,0.49240657687187195,0.5715872645378113,0.2876114249229431,0.568392813205719,0.5127818584442139,0.44384726881980896,0.48627081513404846,0.5253252983093262,0.6951295733451843
Dog_n_Man_016.jpg,0.62691330909729,0.696182906627655,0.6361591815948486,0.5915637016296387,0.5999789834022522,0.7197228670120239,0.6711806058883667,0.6368433237075806,0.6714609861373901,0.581518292427063,0.5772640109062195,0.5064278841018677,0.0,0.5312743782997131,0.6346015334129333,0.6290927529335022,0.6249954104423523,0.593147873878479,0.5529308915138245,0.4224050045013428,0.5825269818305969,0.6432609558105469,0.687248706817627,0.7189747095108032,0.6415576934814453,0.6615802049636841,0.48827773332595825,0.7374899983406067,0.34712374210357666,0.6184434294700623,0.6588459014892578,0.602897047996521,0.5994553565979004,0.4202561676502228,0.7526149749755859,0.7004411220550537,0.3709104657173157,0.6095741391181946,0.5343917608261108,0.5811701416969299,0.7058137655258179,0.4638771414756775,0.7634189128875732,0.6872474551200867,0.6270809173583984,0.6378043293952942,0.6330328583717346,0.6658912301063538,0.661943256855011,0.6285421848297119,0.5944146513938904,0.406582772731781,0.5973549485206604,0.5511358976364136,0.5835641026496887,0.5987949371337891,0.6690611839294434,0.45469897985458374,0.5700106620788574,0.5343282222747803,0.6395516395568848,0.6323156356811523,0.631830096244812,0.659824788570404,0.5812230110168457,0.5627930164337158,0.5063202977180481,0.6168743968009949,0.6646974086761475,0.6072771549224854,0.5695064067840576,0.6271529197692871,0.5640744566917419,0.46988996863365173,0.5509596467018127,0.6212989091873169,0.6022323966026306,0.6290616393089294,0.6080164909362793,0.5912453532218933,0.7082905769348145,0.5889065265655518,0.4854675233364105,0.5169893503189087,0.699567437171936,0.3373137414455414,0.56386399269104,0.6481236815452576,0.6536995768547058,0.5084309577941895,0.6162200570106506,0.5764627456665039,0.6148502230644226,0.34428665041923523,0.6835290789604187,0.6195855736732483,0.4601036012172699,0.6533859372138977,0.6287767291069031,0.6784930229187012,0.6577814221382141,0.626785933971405,0.5740211009979248,0.5973549485206604,0.7554966807365417,0.6851304769515991,0.6185125708580017,0.6923114061355591,0.6036705374717712,0.5851390957832336,0.6977788209915161,0.5255858302116394,0.6587616801261902,0.6696317791938782,0.6928974986076355,0.5600575804710388,0.6792789101600647,0.6198263168334961,0.6462035179138184,0.5879373550415039,0.5059739947319031,0.6561341285705566,0.5954334139823914,0.6253403425216675,0.6696317791938782,0.6082518100738525,0.6489871144294739,0.5371100902557373,0.5738720893859863,0.6050969362258911,0.5753111839294434,0.5600575804710388,0.7123296856880188,0.4641440212726593,0.640354573726654,0.43286582827568054,0.6634728312492371,0.5026477575302124,0.6116161942481995,0.6244713068008423,0.6999456286430359,0.4830012023448944,0.6340993642807007,0.6331847906112671,0.5833542346954346,0.5640744566917419,0.6107950210571289,0.5509596467018127
