image_name,Dog_037.jpg,Dog_n_Man_010.jpg,Dog_n_Woman_022.jpg,Dog_n_Man_009.jpg,Dog_n_Woman_009.jpg,Dog_022.jpg,Dog_021.jpg,Cat_n_Women_008.jpg,Cat_n_Man_003.jpg,Cat_012.jpg,Dog_n_Man_023.jpg,Cat_n_Dog_009.jpg,Dog_n_Man_016.jpg,Dog_n_Man_020.jpg,Dog_026.jpg,Dog_n_Man_002.jpg,Dog_n_Man_024.jpg,Cat_n_Dog_003.jpg,Cat_004.jpg,Cat_n_Women_004.jpg,Cat_n_Man_001.jpg,Dog_009.jpg,Dog_017.jpg,Dog_n_Woman_007.jpg,Cat_010.jpg,Cat_001.jpg,Dog_n_Man_005.jpg,Dog_n_Woman_002.jpg,Cat_009.jpg,Dog_005.jpg,Dog_n_Woman_004.jpg,Dog_n_Woman_020.jpg,Dog_n_Woman_023.jpg,Cat_n_Women_006.jpg,Dog_006.jpg,Cat_033.jpg,Dog_n_Woman_003.jpg,Dog_042.jpg,Dog_001.jpg,Cat_029.jpg,Dog_n_Man_006.jpg,Cat_n_Man_007.jpg,Cat_022.jpg,Dog_011.jpg,Dog_n_Woman_006.jpg,Cat_025.jpg,Dog_n_Man_003.jpg,Cat_n_Dog_012.jpg,Dog_016.jpg,Dog_n_Woman_017.jpg,Dog_n_Woman_018.jpg,Cat_005.jpg,Dog_015.jpg,Cat_n_Man_009.jpg,Dog_012.jpg,Cat_n_Dog_014.jpg,Dog_n_Woman_013.jpg,Dog_n_Man_018.jpg,Cat_032.jpg,Dog_n_Man_022.jpg,Cat_n_Dog_007.jpg,Dog_n_Man_011.jpg,Cat_031.jpg,Dog_023.jpg,Cat_n_Dog_013.jpg,Dog_n_Man_021.jpg,Cat_n_Women_007.jpg,Dog_034.jpg,Cat_n_Dog_008.jpg,Cat_019.jpg,Cat_015.jpg,Cat_n_Man_004.jpg,Dog_n_Man_013.jpg,Cat_n_Women_003.jpg,Dog_030.jpg,Dog_014.jpg,Cat_n_Man_008.jpg,Dog_n_Man_015.jpg,Dog_024.jpg,Dog_n_Man_017.jpg,Dog_041.jpg,Cat_008.jpg,Dog_004.jpg,Dog_n_Woman_001.jpg,Cat_024.jpg,Cat_n_Women_012.jpg,Dog_n_Woman_005.jpg,Dog_040.jpg,Cat_n_Women_005.jpg,Dog_n_Man_026.jpg,Dog_038.jpg,Cat_n_Women_011.jpg,Dog_n_Man_004.jpg,Cat_n_Man_005.jpg,Cat_n_Dog_011.jpg,Cat_020.jpg,Cat_013.jpg,Dog_013.jpg,Dog_003.jpg,Dog_n_Woman_025.jpg,Cat_002.jpg,Dog_025.jpg,Cat_n_Man_002.jpg,Dog_n_Woman_015.jpg,Cat_014.jpg,Dog_033.jpg,Cat_028.jpg,Dog_035.jpg,Dog_036.jpg,Cat_n_Man_010.jpg,Dog_002.jpg,Dog_n_Woman_016.jpg,Cat_n_Man_006.jpg,Dog_039.jpg,Dog_019.jpg,Cat_007.jpg,Cat_026.jpg,Cat_n_Dog_004.jpg,Dog_010.jpg,Dog_n_Woman_019.jpg,Dog_032.jpg,Dog_n_Woman_024.jpg,Cat_021.jpg,Cat_n_Dog_015.jpg,Dog_008.jpg,Cat_n_Women_001.jpg,Cat_n_Dog_010.jpg,Dog_n_Woman_011.jpg,Dog_043.jpg,Dog_n_Man_019.jpg,Dog_n_Woman_010.jpg,Dog_n_Man_008.jpg,Dog_029.jpg,Dog_n_Man_007.jpg,Dog_007.jpg,Cat_n_Women_013.jpg,Cat_n_Dog_005.jpg,Cat_n_Women_002.jpg,Dog_n_Man_025.jpg,Dog_028.jpg,Cat_011.jpg,Cat_n_Women_010.jpg,Dog_n_Woman_008.jpg,Dog_027.jpg,Dog_n_Man_014.jpg,Dog_n_Man_001.jpg,Cat_023.jpg,Cat_n_Dog_001.jpg
Dog_037.jpg,0.0,0.45676690340042114,0.7942596077919006,0.804500937461853,0.7722379565238953,0.8108282685279846,0.7677465677261353,0.55330890417099,0.6470822691917419,0.652674674987793,0.6903200745582581,0.831784188747406,0.8039680123329163,0.7142312526702881,0.7240603566169739,0.6692475080490112,0.5754741430282593,0.8543970584869385,0.7623847126960754,0.38945066928863525,0.5837844610214233,0.7942286729812622,0.6991062760353088,0.6373233199119568,0.6610952615737915,0.7509174346923828,0.49539437890052795,0.7157272696495056,0.6408653855323792,0.7142336964607239,0.775403618812561,0.7510867118835449,0.6552112102508545,0.7019159197807312,0.6942093372344971,0.7894258499145508,0.7555211186408997,0.4932614862918854,0.8030964732170105,0.8118832111358643,0.661910891532898,0.581147313117981,0.7544882893562317,0.8304490447044373,0.768100380897522,0.6907452940940857,0.845992386341095,0.8245605826377869,0.8025897741317749,0.663239598274231,0.48412102460861206,0.7129194736480713,0.8158605098724365,0.4353276789188385,0.8214151859283447,0.9372193813323975,0.7726619839668274,0.7159342169761658,0.6310800909996033,0.7025156021118164,0.7967773675918579,0.6980867385864258,0.7498783469200134,0.7774112224578857,0.8420369029045105,0.6322683691978455,0.7455233335494995,0.7074055075645447,0.7867590188980103,0.7490950226783752,0.5546083450317383,0.7045416831970215,0.6901383399963379,0.7270151972770691,0.8451723456382751,0.7860174179077148,0.7470954656600952,0.7140071392059326,0.7286222577095032,0.6916418671607971,0.7834073901176453,0.8627656698226929,0.7786157727241516,0.8035262227058411,0.4883885681629181,0.5278055667877197,0.7462652921676636,0.881764829158783,0.8026856780052185,0.5678898692131042,0.6471662521362305,0.6128566861152649,0.6871546506881714,0.8050901889801025,0.6471662521362305,0.587144672870636,0.6105004549026489,0.8065795302391052,0.7056331634521484,0.6116535663604736,0.7870813608169556,0.7251359820365906,0.530559778213501,0.7357771992683411,0.751652181148529,0.7614036202430725,0.7429630160331726,0.8362634778022766,0.8108282685279846,0.4454875588417053,0.8290688395500183,0.8262401819229126,0.5314117074012756,0.7882148623466492,0.8493738770484924,0.5890104174613953,0.6425213813781738,0.7888811230659485,0.8019306063652039,0.8114566802978516,0.7028768658638,0.8614088296890259,0.5257295370101929,0.7902050614356995,0.8727731704711914,0.6384490132331848,0.8339519500732422,0.7849304676055908,0.7962685227394104,0.8311780691146851,0.7566637992858887,0.8331447243690491,0.6005688309669495,0.8109320402145386,0.8556531667709351,0.7456796169281006,0.8021207451820374,0.7364059090614319,0.7882148623466492,0.7342594265937805,0.8821410536766052,0.633328914642334,0.7520611882209778,0.8304847478866577,0.686004102230072,0.6901383399963379,0.5012401342391968,0.881764829158783
Dog_n_Man_010.jpg,0.45676690340042114,0.0,0.5612226128578186,0.4500592350959778,0.4804842472076416,0.42070329189300537,0.4815136790275574,0.4269271194934845,0.4197157323360443,0.41791966557502747,0.5975970029830933,0.4594677686691284,0.4506906569004059,0.5841425657272339,0.6228982210159302,0.4416409730911255,0.4669063091278076,0.41732290387153625,0.42237529158592224,0.4779888689517975,0.4222886562347412,0.5667486786842346,0.28935715556144714,0.46118223667144775,0.4223543107509613,0.4953412711620331,0.40661633014678955,0.30554068088531494,0.4473166763782501,0.4828347861766815,0.5560957193374634,0.6166240572929382,0.4360989034175873,0.3249337375164032,0.5858794450759888,0.38891956210136414,0.5739245414733887,0.5150930285453796,0.46731358766555786,0.4443246126174927,0.48162925243377686,0.5597852468490601,0.4059816300868988,0.5623124241828918,0.334827721118927,0.4547637104988098,0.4708741009235382,0.39898788928985596,0.4724256694316864,0.4549582302570343,0.42345744371414185,0.4279387891292572,0.5416227579116821,0.5499076843261719,0.5001898407936096,0.535772442817688,0.4590175747871399,0.2568986713886261,0.5118383765220642,0.33463549613952637,0.4076359272003174,0.2816140055656433,0.4450523853302002,0.4505673348903656,0.440105676651001,0.4325280785560608,0.46996814012527466,0.27465277910232544,0.4921722710132599,0.4100046157836914,0.4571523070335388,0.40560904145240784,0.49588802456855774,0.5403227210044861,0.5018713474273682,0.4551694393157959,0.435263991355896,0.41740843653678894,0.45284920930862427,0.5098859667778015,0.5062460899353027,0.5184101462364197,0.437284916639328,0.4000914692878723,0.42279091477394104,0.47598981857299805,0.5277960300445557,0.4999755620956421,0.4231361448764801,0.5930544137954712,0.2862793505191803,0.4278762638568878,0.3613896071910858,0.3782443404197693,0.2862793505191803,0.43436864018440247,0.4132583439350128,0.5352779030799866,0.4621542692184448,0.5875968337059021,0.489948570728302,0.4945944547653198,0.40441974997520447,0.4012550413608551,0.5071402788162231,0.42472314834594727,0.4452630579471588,0.4006926715373993,0.42070329189300537,0.40371978282928467,0.4634787440299988,0.4998002052307129,0.47714585065841675,0.43927666544914246,0.4991854131221771,0.4144027531147003,0.49718737602233887,0.3950396478176117,0.46883946657180786,0.44565773010253906,0.5701370239257812,0.5035684108734131,0.3148724436759949,0.45297932624816895,0.525356650352478,0.437528133392334,0.4844187796115875,0.506171703338623,0.5514158010482788,0.4267933964729309,0.5505354404449463,0.4471028447151184,0.43160372972488403,0.46474936604499817,0.45624127984046936,0.42856860160827637,0.429858922958374,0.36890077590942383,0.43927666544914246,0.43922722339630127,0.4671778976917267,0.27971628308296204,0.40529194474220276,0.46447041630744934,0.5556500554084778,0.49588802456855774,0.4250357747077942,0.4999755620956421
Dog_n_Woman_022.jpg,0.7942596077919006,0.5612226128578186,0.0,0.5853748321533203,0.8621976971626282,0.516278862953186,0.714264988899231,0.4003085196018219,0.4396021366119385,0.6209068894386292,0.673626184463501,0.6734927296638489,0.5635361075401306,0.6611214876174927,0.7759889364242554,0.657471776008606,0.4195758104324341,0.6342057585716248,0.6116496920585632,0.39413586258888245,0.4323957860469818,0.7439045906066895,0.44021177291870117,0.40070492029190063,0.6376430988311768,0.5789315700531006,0.3786841630935669,0.5141626596450806,0.5621480941772461,0.6290038228034973,0.7130036354064941,0.7417974472045898,0.4483754634857178,0.4112647771835327,0.8623966574668884,0.5562686324119568,0.8026787638664246,0.5891883969306946,0.633721113204956,0.5980360507965088,0.4903118908405304,0.46684953570365906,0.5789366364479065,0.8048399090766907,0.44263964891433716,0.5549523234367371,0.720382034778595,0.5664216876029968,0.6440380811691284,0.4600364565849304,0.37588512897491455,0.6162566542625427,0.8674018383026123,0.3789784014225006,0.6810283064842224,0.880098283290863,0.5582807660102844,0.35270750522613525,0.6946448683738708,0.38013672828674316,0.5628287196159363,0.36409786343574524,0.5838323831558228,0.7827818393707275,0.6017318964004517,0.41590768098831177,0.5743685960769653,0.38921621441841125,0.9304258227348328,0.5730149149894714,0.604019820690155,0.6730307340621948,0.4661473035812378,0.6301907300949097,0.7038476467132568,0.6561688780784607,0.5181795954704285,0.5315393805503845,0.7023947238922119,0.6641144752502441,0.6040424704551697,0.8132650256156921,0.5736360549926758,0.5693714022636414,0.5361304879188538,0.4167105555534363,0.7750802636146545,0.7195518016815186,0.5473044514656067,0.6924390196800232,0.3436163365840912,0.4256759285926819,0.38181784749031067,0.4825981557369232,0.3436163365840912,0.617344319820404,0.7097088694572449,0.8388617038726807,0.6302013993263245,0.7637075185775757,0.6218963265419006,0.6681739091873169,0.4162985682487488,0.5155442357063293,0.5599837303161621,0.6658909916877747,0.5679258704185486,0.5625618100166321,0.516278862953186,0.463095486164093,0.7209668755531311,0.6845757961273193,0.5990563631057739,0.5509045124053955,0.6901339292526245,0.5300216674804688,0.7265942692756653,0.528410017490387,0.6731187701225281,0.6725841760635376,0.6716980934143066,0.6565864682197571,0.3502506911754608,0.7051416635513306,0.8198444247245789,0.43088462948799133,0.7065407633781433,0.6681821346282959,0.8049488067626953,0.5594925880432129,0.8265509605407715,0.6502004861831665,0.38941681385040283,0.6947863698005676,0.7095969319343567,0.5711147785186768,0.6075589060783386,0.47526469826698303,0.5509045124053955,0.5771379470825195,0.7370355725288391,0.34024670720100403,0.5257702469825745,0.6334466338157654,0.6126940250396729,0.4661473035812378,0.5601643919944763,0.7195518016815186
Dog_n_Man_009.jpg,0.804500937461853,0.4500592350959778,0.5853748321533203,0.0,0.49213334918022156,0.8425635099411011,0.7096107602119446,0.7242233157157898,0.8430678248405457,0.5482979416847229,0.8109187483787537,0.9095484018325806,0.8862736821174622,0.8516031503677368,0.568804919719696,0.4883421063423157,0.727046012878418,0.8722156286239624,0.7390938401222229,0.5194904804229736,0.7472853064537048,0.8224957585334778,0.6426211595535278,0.8452317118644714,0.6180622577667236,0.8579350709915161,0.5958459377288818,0.5884998440742493,0.6988498568534851,0.7677405476570129,0.8300789594650269,0.7318013906478882,0.7743322253227234,0.8092446327209473,0.6121803522109985,0.8487135171890259,0.6920592784881592,0.4490734934806824,0.8713986277580261,0.8228686451911926,0.6381728649139404,0.594455897808075,0.8012962341308594,0.8405937552452087,0.8490445613861084,0.824772298336029,0.7810770869255066,0.879087507724762,0.9216676950454712,0.8170541524887085,0.46438726782798767,0.6607279777526855,0.7063798308372498,0.5839638710021973,0.8562843799591064,0.7988117337226868,0.7664371132850647,0.8326379060745239,0.5759182572364807,0.8538921475410461,0.917411208152771,0.8539254665374756,0.8500656485557556,0.7088797092437744,0.9234079718589783,0.837831974029541,0.904028058052063,0.6504269242286682,0.5634694695472717,0.7891058325767517,0.4918965697288513,0.6043533682823181,0.7936862707138062,0.7545878291130066,0.8845546841621399,0.7751303315162659,0.7240992188453674,0.8354492783546448,0.7055534720420837,0.6036581993103027,0.9187299013137817,0.8166422247886658,0.8718985915184021,0.8606389760971069,0.4127429127693176,0.5789283514022827,0.6701022386550903,0.8924268484115601,0.8994627594947815,0.5014685988426208,0.8087853789329529,0.6460029482841492,0.8185811638832092,0.8852964043617249,0.8087853789329529,0.472464382648468,0.46975719928741455,0.6535173058509827,0.7516058683395386,0.5320120453834534,0.8287994861602783,0.7845313549041748,0.6208693981170654,0.8239189386367798,0.8675224781036377,0.5931602716445923,0.9046263098716736,0.8635913133621216,0.8425635099411011,0.3119438588619232,0.7514625191688538,0.8953021168708801,0.6178279519081116,0.7736090421676636,0.8366256952285767,0.6690201163291931,0.5334668159484863,0.9177194833755493,0.6530325412750244,0.8605238795280457,0.813652515411377,0.8651708960533142,0.6593753695487976,0.7747328877449036,0.8250163793563843,0.7903628945350647,0.752534031867981,0.7810424566268921,0.7174710631370544,0.8870487809181213,0.7498841285705566,0.8258945345878601,0.6851916313171387,0.7999927997589111,0.7477467060089111,0.8933511972427368,0.890823245048523,0.8787047266960144,0.7736090421676636,0.916280210018158,0.7655560970306396,0.8022116422653198,0.8748951554298401,0.8295002579689026,0.7380871772766113,0.7936862707138062,0.4600428342819214,0.8924268484115601
Dog_n_Woman_009.jpg,0.7722379565238953,0.4804842472076416,0.8621976971626282,0.49213334918022156,0.0,0.4616038203239441,0.6058495044708252,0.3549003303050995,0.37524470686912537,0.560248613357544,0.5289152264595032,0.5418342351913452,0.47341975569725037,0.5360214710235596,0.6834856271743774,0.6411849856376648,0.3450073003768921,0.5082166790962219,0.5384858846664429,0.35626471042633057,0.4058168828487396,0.5777556300163269,0.4687913656234741,0.3421887755393982,0.5067172646522522,0.4923577606678009,0.34644967317581177,0.5373792052268982,0.4402483105659485,0.5136330127716064,0.592502772808075,0.5848324298858643,0.3733423352241516,0.37445271015167236,0.6268030405044556,0.4958040714263916,0.6686595678329468,0.4837316572666168,0.515377402305603,0.4888140559196472,0.49181967973709106,0.38798341155052185,0.4965643584728241,0.6544796228408813,0.4453301429748535,0.4608025550842285,0.6673361659049988,0.4915843605995178,0.5398750305175781,0.3861657679080963,0.34974607825279236,0.572600781917572,0.7155827283859253,0.30986514687538147,0.558434247970581,0.7283539175987244,0.6659137606620789,0.31877368688583374,0.5537070631980896,0.3272378444671631,0.4610418379306793,0.31913140416145325,0.5041503310203552,0.6426503658294678,0.5017430186271667,0.3633648157119751,0.4644419848918915,0.3677510917186737,0.7693949937820435,0.47032272815704346,0.46961870789527893,0.600639283657074,0.4281836152076721,0.4911036789417267,0.6012781858444214,0.5660085082054138,0.4971190094947815,0.4256148040294647,0.6086077094078064,0.5834513306617737,0.5241181254386902,0.6568711400032043,0.5097370147705078,0.4861960709095001,0.45860186219215393,0.3225606381893158,0.6422051787376404,0.5939815640449524,0.4562905430793762,0.5862420797348022,0.29449719190597534,0.38568249344825745,0.325248122215271,0.4121314585208893,0.29449719190597534,0.5021733045578003,0.5702531337738037,0.6883202791213989,0.5069693922996521,0.5608056783676147,0.525239109992981,0.5346117615699768,0.36211520433425903,0.4527347683906555,0.46955883502960205,0.6355214715003967,0.46236059069633484,0.5151678323745728,0.4616038203239441,0.48994237184524536,0.7039667963981628,0.5796815156936646,0.47858577966690063,0.4911803603172302,0.564820408821106,0.46021682024002075,0.5494377017021179,0.44523942470550537,0.750537633895874,0.5603336095809937,0.5315296649932861,0.677527666091919,0.31585243344306946,0.6530733108520508,0.645408034324646,0.34175607562065125,0.6306654214859009,0.5398179888725281,0.63718581199646,0.49462345242500305,0.6207883954048157,0.6280888319015503,0.30793556571006775,0.595053493976593,0.6116334199905396,0.4673568606376648,0.4832361042499542,0.383848637342453,0.4911803603172302,0.47835466265678406,0.6534222960472107,0.28826311230659485,0.4410591721534729,0.5371738076210022,0.4859681725502014,0.4281836152076721,0.47333937883377075,0.5939815640449524
Dog_022.jpg,0.8108282685279846,0.42070329189300537,0.516278862953186,0.8425635099411011,0.4616038203239441,0.0,0.6206073760986328,0.5964859127998352,0.7541661262512207,0.5404911637306213,0.6640478372573853,0.7653035521507263,0.8499144911766052,0.6823551654815674,0.5281981825828552,0.4337589740753174,0.6936279535293579,0.7948833107948303,0.6989105343818665,0.35819119215011597,0.5904317498207092,0.7440758943557739,0.676332414150238,0.6997466087341309,0.5756266713142395,0.7910292744636536,0.49267157912254333,0.650439441204071,0.5747950673103333,0.6686771512031555,0.7183882594108582,0.6770685911178589,0.6526066660881042,0.8731973171234131,0.5003051161766052,0.8549362421035767,0.5999657511711121,0.3934662938117981,0.8197110891342163,0.7595082521438599,0.6370627284049988,0.5719398856163025,0.7445014715194702,0.7535656094551086,0.8620196580886841,0.7057162523269653,0.8139705061912537,0.8383393883705139,0.7886283993721008,0.7369920611381531,0.41949576139450073,0.6284530758857727,0.6064817905426025,0.4509722888469696,0.7824903130531311,0.7712318897247314,0.7923457026481628,0.8111655712127686,0.5166099071502686,0.8670535683631897,0.8447321057319641,0.8443228602409363,0.7098948955535889,0.6080824136734009,0.8985589742660522,0.761431872844696,0.7826040983200073,0.7147567868232727,0.48579081892967224,0.7053053379058838,0.4030319154262543,0.5811441540718079,0.7794632911682129,0.7174760103225708,0.8171313405036926,0.7614574432373047,0.6730661392211914,0.8555024266242981,0.6275794506072998,0.6634002327919006,0.8035526275634766,0.7246748208999634,0.8861556649208069,0.8319211602210999,0.3632771670818329,0.5059096217155457,0.6002770066261292,0.8284893035888672,0.7976399660110474,0.45524710416793823,0.8400800824165344,0.5710296630859375,0.7897648215293884,0.9201362729072571,0.8400800824165344,0.4165298640727997,0.4081060290336609,0.6140285134315491,0.6754857301712036,0.4389705955982208,0.8055649995803833,0.6935044527053833,0.5344507098197937,0.805180549621582,0.7701048851013184,0.6266297101974487,0.7676439881324768,0.8968010544776917,1.0,0.33507809042930603,0.7057901620864868,0.8162367343902588,0.44447988271713257,0.929658055305481,0.8332059979438782,0.5220761895179749,0.46207767724990845,0.8570687770843506,0.6933434009552002,0.7809921503067017,0.6591343283653259,0.8244272470474243,0.5406816005706787,0.7203730940818787,0.7297844290733337,0.7084842920303345,0.774944543838501,0.8103134036064148,0.7415258884429932,0.9176644682884216,0.6262133717536926,0.7984583377838135,0.6363387107849121,0.7746269702911377,0.7691518068313599,0.7490870952606201,0.7624116539955139,0.8699092864990234,0.929658055305481,0.7762869596481323,0.7832332849502563,0.8211503028869629,0.8347355127334595,0.7956620454788208,0.6299353241920471,0.7794632911682129,0.38621193170547485,0.8284893035888672
Dog_021.jpg,0.7677465677261353,0.4815136790275574,0.714264988899231,0.7096107602119446,0.6058495044708252,0.6206073760986328,0.0,0.5196042060852051,0.5696430802345276,0.4854176938533783,0.667805552482605,0.7035293579101562,0.6871560215950012,0.6770339012145996,0.7258120179176331,0.6377795934677124,0.5308311581611633,0.7412289977073669,0.6047819256782532,0.40385735034942627,0.5134707093238831,0.8259403109550476,0.6144717335700989,0.6346180438995361,0.6343017816543579,0.6486382484436035,0.5290870070457458,0.4889313280582428,0.669044017791748,0.7330967783927917,0.8090307116508484,0.7358170747756958,0.55708247423172,0.5407620072364807,0.6575040817260742,0.6654748916625977,0.7367339134216309,0.5012151002883911,0.7118175625801086,0.6637814044952393,0.528713047504425,0.5447185039520264,0.6409499049186707,0.7338358163833618,0.6101770401000977,0.6215634942054749,0.6782897114753723,0.7923861742019653,0.7171500325202942,0.6023996472358704,0.4240760803222656,0.5607718229293823,0.7722920775413513,0.45595651865005493,0.8016678094863892,0.8008562922477722,0.5525716543197632,0.5746598243713379,0.5878545045852661,0.5725275874137878,0.6574531197547913,0.5787503719329834,0.7685867547988892,0.7538130283355713,0.673748791217804,0.5536203384399414,0.6827007532119751,0.535037636756897,0.7378592491149902,0.6696090698242188,0.537318766117096,0.6595426797866821,0.596806526184082,0.7177695035934448,0.7054605484008789,0.7768917083740234,0.5838823318481445,0.6017960906028748,0.7321403622627258,0.6308771967887878,0.7253507971763611,0.7617499232292175,0.6363176703453064,0.6828000545501709,0.4388309717178345,0.5284080505371094,0.8203833103179932,0.7104519009590149,0.7104347944259644,0.5467498302459717,0.5112920999526978,0.5200045108795166,0.677987277507782,0.6900006532669067,0.5112920999526978,0.49111050367355347,0.6173187494277954,0.6734330654144287,0.6827071905136108,0.6206040978431702,0.6587430238723755,0.6554043889045715,0.509713888168335,0.6244136691093445,0.6529169082641602,0.5630223751068115,0.6673136353492737,0.673149585723877,0.6206073760986328,0.3161284327507019,0.833839476108551,0.709634006023407,0.5456509590148926,0.6287882924079895,0.8241093158721924,0.5948411226272583,0.5709607005119324,0.665865957736969,0.5893197059631348,0.6944164037704468,0.669151246547699,0.7014530301094055,0.6258334517478943,0.6753034591674805,0.7577667832374573,0.5961657762527466,0.6926985383033752,0.6486334800720215,0.6908413171768188,0.6779453754425049,0.7356662750244141,0.6528434157371521,0.6724798679351807,0.724449872970581,0.6609006524085999,0.6641805768013,0.6658348441123962,0.627606987953186,0.6287882924079895,0.6776601076126099,0.686829149723053,0.5035934448242188,0.6585578322410583,0.8887004852294922,0.721077024936676,0.596806526184082,0.4772237241268158,0.7104519009590149
Cat_n_Women_008.jpg,0.55330890417099,0.4269271194934845,0.4003085196018219,0.7242233157157898,0.3549003303050995,0.5964859127998352,0.5196042060852051,0.0,0.7251431941986084,0.4750770926475525,0.6965981125831604,0.6772083640098572,0.7139889597892761,0.7649737000465393,0.4351159334182739,0.4291152060031891,0.6740538477897644,0.5763128399848938,0.539096474647522,0.588346540927887,0.7399382591247559,0.5669987201690674,0.5187731385231018,0.7723908424377441,0.5110904574394226,0.7491016387939453,0.5964249968528748,0.4911304712295532,0.5466398000717163,0.6039808392524719,0.6301500797271729,0.5910874605178833,0.7571046948432922,0.5988752245903015,0.4919919967651367,0.5607633590698242,0.49137625098228455,0.4051777124404907,0.6133163571357727,0.5910736322402954,0.6560528874397278,0.5589701533317566,0.5948725938796997,0.6439092755317688,0.5867906212806702,0.6839559078216553,0.5428264737129211,0.6017262935638428,0.7507131099700928,0.7718588709831238,0.5296147465705872,0.5570035576820374,0.5034303665161133,0.674655020236969,0.5842848420143127,0.5595411658287048,0.5903268456459045,0.5196532607078552,0.5008912086486816,0.585286021232605,0.6613214015960693,0.5642377734184265,0.7255885004997253,0.4750644862651825,0.6768104434013367,0.7170459628105164,0.7497420907020569,0.5416669845581055,0.4131966829299927,0.5761691927909851,0.4294254183769226,0.5199838876724243,0.6638340353965759,0.610930323600769,0.6876136064529419,0.6243292689323425,0.6452813148498535,0.5893860459327698,0.6615176200866699,0.49648571014404297,0.7658549547195435,0.5604228973388672,0.6124764084815979,0.5950068831443787,0.37473464012145996,0.6258357167243958,0.47353604435920715,0.6828869581222534,0.6665197014808655,0.4915074110031128,0.5545416474342346,0.6512815952301025,0.6266637444496155,0.5910304188728333,0.5545416474342346,0.37821081280708313,0.3409785032272339,0.49795982241630554,0.5395165085792542,0.48659488558769226,0.6516857743263245,0.6615055799484253,0.6342226266860962,0.7287646532058716,0.6868318319320679,0.5107377171516418,0.6745466589927673,0.6234933137893677,0.5964859127998352,0.3949785828590393,0.5363342761993408,0.7540546655654907,0.587554395198822,0.54170161485672,0.5926207900047302,0.7103327512741089,0.4284984767436981,0.6415416598320007,0.4796413481235504,0.6572888493537903,0.7625628113746643,0.6753786206245422,0.5417966842651367,0.6371977925300598,0.5694783329963684,0.6715653538703918,0.5529516339302063,0.6037877798080444,0.4998280107975006,0.6122788786888123,0.5228700041770935,0.6038321256637573,0.5804347991943359,0.5767292976379395,0.5213777422904968,0.7354594469070435,0.6653465032577515,0.6045769453048706,0.54170161485672,0.7248361110687256,0.550738513469696,0.5520886778831482,0.6266945004463196,0.6402983069419861,0.6715081930160522,0.6638340353965759,0.45559704303741455,0.6828869581222534
Cat_n_Man_003.jpg,0.6470822691917419,0.4197157323360443,0.4396021366119385,0.8430678248405457,0.37524470686912537,0.7541661262512207,0.5696430802345276,0.7251431941986084,0.0,0.3999129831790924,0.8081868290901184,0.822165846824646,0.7233331203460693,0.8541305661201477,0.5189229846000671,0.42977702617645264,0.8353204727172852,0.708357036113739,0.5743768215179443,0.6453703045845032,0.8516848087310791,0.6493040323257446,0.5612079501152039,0.8131575584411621,0.5561165809631348,0.8099077939987183,0.5494000315666199,0.48673921823501587,0.5946326851844788,0.566431999206543,0.7613869309425354,0.6524766087532043,0.8192418217658997,0.8378859162330627,0.44101282954216003,0.8241788148880005,0.5801107287406921,0.4574013948440552,0.6668238639831543,0.7355462908744812,0.5891684889793396,0.6472910642623901,0.6866607069969177,0.6900474429130554,0.8049256801605225,0.7937031984329224,0.5964109897613525,0.7491636276245117,0.8318707942962646,0.6368944644927979,0.6196337938308716,0.5636401176452637,0.6118950247764587,0.7256538271903992,0.6971713900566101,0.6371335387229919,0.8059638738632202,0.6957826018333435,0.540880024433136,0.8454538583755493,0.8813554644584656,0.8019536137580872,0.8363859057426453,0.5902424454689026,0.8753103613853455,0.9588736891746521,0.9009247422218323,0.5716530680656433,0.46988290548324585,0.6482126712799072,0.459914892911911,0.4841514527797699,0.8853256106376648,0.6681520342826843,0.7622799873352051,0.7465924620628357,0.6805188059806824,0.8523647785186768,0.5323734879493713,0.6003482937812805,0.7869734168052673,0.6494796276092529,0.8406361937522888,0.781312108039856,0.31727415323257446,0.6560870409011841,0.5875334739685059,0.7868361473083496,0.794569730758667,0.47413966059684753,0.84521484375,0.6285871267318726,0.8136357069015503,0.776987612247467,0.84521484375,0.4051377773284912,0.41434770822525024,0.5071143507957458,0.6123497486114502,0.46015530824661255,0.7495933175086975,0.6335993409156799,0.6183831095695496,0.7928813099861145,0.8295779228210449,0.4990062117576599,0.822602391242981,0.7280569076538086,0.7541661262512207,0.31666237115859985,0.6341580748558044,0.7972276210784912,0.6872454881668091,0.5964409112930298,0.6460453867912292,0.6558598279953003,0.44850626587867737,0.8089523315429688,0.4637819230556488,0.883786678314209,0.8257511258125305,0.6919645071029663,0.5689188241958618,0.7044687867164612,0.6567229628562927,0.762060284614563,0.5866395831108093,0.7396396398544312,0.4987344443798065,0.7943548560142517,0.5564791560173035,0.7739110589027405,0.7067469358444214,0.7738290429115295,0.5937455296516418,0.8328138589859009,0.8222952485084534,0.8477876782417297,0.5964409112930298,0.9069569110870361,0.6009780168533325,0.8426620364189148,0.8042790293693542,0.6736084222793579,0.6066386103630066,0.8853256106376648,0.40409401059150696,0.7868361473083496
Cat_012.jpg,0.652674674987793,0.41791966557502747,0.6209068894386292,0.5482979416847229,0.560248613357544,0.5404911637306213,0.4854176938533783,0.4750770926475525,0.3999129831790924,0.0,0.4932376444339752,0.5598196983337402,0.5570104718208313,0.5292029976844788,0.5228344798088074,0.5216751098632812,0.3533400595188141,0.5904040932655334,0.8928303122520447,0.33802729845046997,0.40747955441474915,0.5868890285491943,0.4816000759601593,0.40867796540260315,0.66065913438797,0.5866396427154541,0.32964056730270386,0.5978847742080688,0.5608328580856323,0.564669668674469,0.5482323169708252,0.5574103593826294,0.41423550248146057,0.4317121207714081,0.5785431265830994,0.5064265131950378,0.5624475479125977,0.4568447172641754,0.5963794589042664,0.6060512661933899,0.5307458639144897,0.40803611278533936,0.6716532707214355,0.6259261965751648,0.4536370038986206,0.5486366748809814,0.6297420263290405,0.5135790705680847,0.5594796538352966,0.5142636895179749,0.330676406621933,0.7710137367248535,0.5994338393211365,0.3013334572315216,0.5765041708946228,0.6727871894836426,0.48621776700019836,0.43143051862716675,0.6697677969932556,0.39361611008644104,0.49357059597969055,0.3862994909286499,0.5190405249595642,0.5293949842453003,0.5388937592506409,0.3832896649837494,0.5032759308815002,0.4911371171474457,0.5584835410118103,0.7414444088935852,0.6057332754135132,0.5521954894065857,0.4361889064311981,0.5353306531906128,0.609464168548584,0.522321343421936,0.6228038668632507,0.4248223900794983,0.5461321473121643,0.5314432978630066,0.5650842189788818,0.7016286849975586,0.49744710326194763,0.5294799208641052,0.6999222040176392,0.4073157012462616,0.527123749256134,0.6186125874519348,0.5715397000312805,0.5214238166809082,0.34201931953430176,0.4580405056476593,0.39399081468582153,0.5259124636650085,0.34201931953430176,0.6045647859573364,0.5446348190307617,0.6601972579956055,0.4967503249645233,0.503972589969635,0.6513100862503052,0.5744733810424805,0.40107858180999756,0.5367370843887329,0.5663855671882629,0.730049729347229,0.5619325041770935,0.6724924445152283,0.5404911637306213,0.6641630530357361,0.5664105415344238,0.602134644985199,0.5108426213264465,0.5816199779510498,0.5973082184791565,0.5401638746261597,0.6792008876800537,0.5066156983375549,0.6217007637023926,0.49713194370269775,0.5234160423278809,0.6125562787055969,0.331646591424942,0.6041861772537231,0.6407561302185059,0.4306470453739166,0.6673110127449036,0.5718209147453308,0.6237178444862366,0.5535795092582703,0.5764171481132507,0.5335173606872559,0.37395423650741577,0.5109517574310303,0.6672947406768799,0.5815036296844482,0.5983291268348694,0.48601680994033813,0.5816199779510498,0.4983946979045868,0.6879836916923523,0.33386871218681335,0.4972662627696991,0.5775654315948486,0.612832248210907,0.4361889064311981,0.5724787712097168,0.6186125874519348
Dog_n_Man_023.jpg,0.6903200745582581,0.5975970029830933,0.673626184463501,0.8109187483787537,0.5289152264595032,0.6640478372573853,0.667805552482605,0.6965981125831604,0.8081868290901184,0.4932376444339752,0.0,0.8677656054496765,0.6851726174354553,0.9195255637168884,0.5746967196464539,0.4945507049560547,0.7318743467330933,0.7318079471588135,0.6165434122085571,0.7733855843544006,0.7509946823120117,0.8033917546272278,0.46872398257255554,0.7798390984535217,0.6267672777175903,0.8084376454353333,0.5662309527397156,0.46928417682647705,0.615776777267456,0.6651474237442017,0.8409852981567383,0.7865185737609863,0.8136992454528809,0.6139690279960632,0.7296380400657654,0.6866551637649536,0.7094069719314575,0.645192563533783,0.7218922972679138,0.7041174173355103,0.5809057950973511,0.6799727082252502,0.6265579462051392,0.8687317967414856,0.6720178723335266,0.7621167898178101,0.6771820187568665,0.7046222686767578,0.868071436882019,0.6627817153930664,0.6350452899932861,0.6019719243049622,0.7294460535049438,0.7705620527267456,0.7715356349945068,0.7573029398918152,0.7268227338790894,0.5767866969108582,0.6356175541877747,0.6797464489936829,0.8077618479728699,0.6300660371780396,0.7798700332641602,0.661086916923523,0.8167485594749451,0.7790522575378418,0.8800708055496216,0.4490203857421875,0.6482892632484436,0.6626548171043396,0.5481366515159607,0.5538739562034607,0.7697499990463257,0.7680531144142151,0.8483272790908813,0.7000347375869751,0.6373274922370911,0.7433729767799377,0.6161147952079773,0.6726568341255188,0.7828102707862854,0.7903329133987427,0.7426941990852356,0.7205567359924316,0.4463184177875519,0.6230602264404297,0.679691731929779,0.8583139777183533,0.7728619575500488,0.7081697583198547,0.6237022876739502,0.5889564156532288,0.670378565788269,0.6862733364105225,0.6237022876739502,0.5154711008071899,0.4936617612838745,0.6977691650390625,0.7014437913894653,0.7386556267738342,0.7987173795700073,0.6552678346633911,0.6231269836425781,0.7497746348381042,0.8304111361503601,0.5531335473060608,0.8424595594406128,0.6746055483818054,0.6640478372573853,0.39978766441345215,0.6510956883430481,0.8468058109283447,0.7391741275787354,0.6169456839561462,0.7366718649864197,0.6664202213287354,0.5984078645706177,0.7100013494491577,0.5699922442436218,0.8255766034126282,0.9569911360740662,0.7407580018043518,0.5215469002723694,0.7619140148162842,0.7907387614250183,0.7593724131584167,0.6982954144477844,0.7258105278015137,0.7139928340911865,0.7461923360824585,0.7776803374290466,0.7416807413101196,0.7323595285415649,0.7380213737487793,0.6619064211845398,0.8085514903068542,0.8207624554634094,0.7080196738243103,0.6169456839561462,0.8295689821243286,0.6752710938453674,0.6168814897537231,0.7364280223846436,0.6852536201477051,0.7187097668647766,0.7697499990463257,0.48549461364746094,0.8583139777183533
Cat_n_Dog_009.jpg,0.831784188747406,0.4594677686691284,0.6734927296638489,0.9095484018325806,0.5418342351913452,0.7653035521507263,0.7035293579101562,0.6772083640098572,0.822165846824646,0.5598196983337402,0.8677656054496765,0.0,0.7792534232139587,0.8553724884986877,0.5786616802215576,0.5497183203697205,0.7009735107421875,0.8940740823745728,0.7472984790802002,0.586494505405426,0.7580912113189697,0.8006783127784729,0.5866338610649109,0.8283094167709351,0.6423730850219727,0.8258447051048279,0.5404844284057617,0.5999449491500854,0.6922062635421753,0.7257193326950073,0.832496702671051,0.7158206105232239,0.8289796710014343,0.7550890445709229,0.693196177482605,0.8208521604537964,0.6786410808563232,0.46805962920188904,0.8032254576683044,0.8602347373962402,0.5989669561386108,0.5936076045036316,0.7065158486366272,0.8754423260688782,0.8214938044548035,0.7866894602775574,0.739592969417572,0.8305861353874207,0.9268168210983276,0.6995808482170105,0.5227761268615723,0.6749987602233887,0.7597153782844543,0.6365470290184021,0.8261410593986511,0.8432946801185608,0.77092045545578,0.778784990310669,0.6206632256507874,0.8097495436668396,0.958095908164978,0.8081892132759094,0.8468543291091919,0.7381103038787842,0.9486526250839233,0.8148829340934753,0.9097958207130432,0.6379916071891785,0.6632834076881409,0.7770745158195496,0.5519540905952454,0.564073920249939,0.7973471283912659,0.7237200736999512,0.9075764417648315,0.7683282494544983,0.7659434080123901,0.8247330784797668,0.6636825203895569,0.5991789102554321,0.8465626239776611,0.8787234425544739,0.8534889817237854,0.8500572443008423,0.43323105573654175,0.5640620589256287,0.6570727229118347,0.9562891125679016,0.9157434701919556,0.5449276566505432,0.7784452438354492,0.6560465097427368,0.7906486392021179,0.8166707158088684,0.7784452438354492,0.5513197779655457,0.4976266026496887,0.7320095300674438,0.7583491802215576,0.6106717586517334,0.8478420376777649,0.6783527135848999,0.5421952605247498,0.8053969740867615,0.8899872899055481,0.6598960161209106,0.9233115911483765,0.7861035466194153,0.7653035521507263,0.3770207166671753,0.7490708231925964,0.8891043066978455,0.6770085096359253,0.6947876214981079,0.7924469113349915,0.6856370568275452,0.6162973642349243,0.8597850203514099,0.6200485229492188,0.9392766952514648,0.8536497354507446,0.8304129242897034,0.6144991517066956,0.8078904747962952,0.8954177498817444,0.7435828447341919,0.7529451251029968,0.7944549322128296,0.690956711769104,0.852769136428833,0.7930611968040466,0.8484137058258057,0.6625378131866455,0.8150038719177246,0.7737185955047607,0.8988656997680664,0.9656933546066284,0.8400646448135376,0.6947876214981079,0.8950319886207581,0.7920197248458862,0.7786135673522949,0.8399361968040466,0.7801517248153687,0.7004402279853821,0.7973471283912659,0.44943732023239136,0.9562891125679016
Dog_n_Man_016.jpg,0.8039680123329163,0.4506906569004059,0.5635361075401306,0.8862736821174622,0.47341975569725037,0.8499144911766052,0.6871560215950012,0.7139889597892761,0.7233331203460693,0.5570104718208313,0.6851726174354553,0.7792534232139587,0.0,0.7547202706336975,0.5627043843269348,0.4839327335357666,0.6920812129974365,0.8244810104370117,0.7094761729240417,0.39035743474960327,0.6316337585449219,0.7978717088699341,0.6688261032104492,0.7700913548469543,0.5900680422782898,0.7821757793426514,0.6296274662017822,0.6364273428916931,0.6119937300682068,0.7634172439575195,0.7297074794769287,0.7557143568992615,0.7543815970420837,0.7735944986343384,0.6564270853996277,0.7678381204605103,0.6680666208267212,0.4041745960712433,0.8672052621841431,0.7750649452209473,0.719134509563446,0.6172402501106262,0.7898626923561096,0.7708649039268494,0.7788723707199097,0.7234368324279785,0.7948575615882874,0.8318380117416382,0.8177161812782288,0.8464418649673462,0.4502524137496948,0.6504993438720703,0.6384459137916565,0.521903395652771,0.8146244883537292,0.7915969491004944,0.7155272960662842,0.7934897541999817,0.5269651412963867,0.794252872467041,0.8039570450782776,0.7866775989532471,0.7427829504013062,0.63646000623703,0.8392243385314941,0.7273143529891968,0.7847239375114441,0.7128713726997375,0.5331245064735413,0.7230421900749207,0.44294944405555725,0.6323835849761963,0.7522750496864319,0.7842614650726318,0.8040026426315308,0.7566199898719788,0.7420094609260559,0.7655501961708069,0.6888145804405212,0.5707982778549194,0.8885980844497681,0.7758417129516602,0.8146273493766785,0.8013811111450195,0.3827848434448242,0.6659917235374451,0.6267240643501282,0.8131394982337952,0.800585925579071,0.5064794421195984,0.7322977185249329,0.7210315465927124,0.7809884548187256,0.8681725263595581,0.7322977185249329,0.430780827999115,0.4127519726753235,0.6555524468421936,0.7109093070030212,0.5446269512176514,0.7591596245765686,0.8218216896057129,0.7023555040359497,0.7480193376541138,0.7658316493034363,0.6144611239433289,0.751973569393158,0.8465716242790222,0.8499144911766052,0.3471665680408478,0.7391853928565979,0.8225089907646179,0.456243097782135,0.7972316145896912,0.8589932918548584,0.5738797783851624,0.49763065576553345,0.8814105987548828,0.6956503987312317,0.7317172288894653,0.7085261344909668,0.850529670715332,0.6042419672012329,0.6954065561294556,0.7842218279838562,0.7820964455604553,0.7733901143074036,0.7766364216804504,0.746415913105011,0.8551580905914307,0.7088596224784851,0.7644358277320862,0.6824761629104614,0.73543381690979,0.7526776194572449,0.7638511657714844,0.7556113004684448,0.7945902347564697,0.7972316145896912,0.78033846616745,0.7728460431098938,0.7170805931091309,0.8057989478111267,0.8366568684577942,0.7799184322357178,0.7522750496864319,0.4279676675796509,0.8131394982337952
