image_name,Cat_001.jpg,Cat_002.jpg,Cat_003.jpg,Cat_004.jpg,Cat_005.jpg,Cat_006.jpg,Cat_007.jpg,Cat_008.jpg,Cat_009.jpg,Cat_010.jpg,Cat_011.jpg,Cat_012.jpg,Cat_013.jpg,Cat_014.jpg,Cat_015.jpg,Cat_016.jpg,Cat_017.jpg,Cat_019.jpg,Cat_020.jpg,Cat_021.jpg,Cat_022.jpg,Cat_023.jpg,Cat_024.jpg,Cat_025.jpg,Cat_026.jpg,Cat_027.jpg,Cat_028.jpg,Cat_029.jpg,Cat_030.jpg,Cat_031.jpg,Cat_032.jpg,Cat_033.jpg,Cat_n_Dog_001.jpg,Cat_n_Dog_002.jpg,Cat_n_Dog_003.jpg,Cat_n_Dog_004.jpg,Cat_n_Dog_005.jpg,Cat_n_Dog_006.jpg,Cat_n_Dog_007.jpg,Cat_n_Dog_008.jpg,Cat_n_Dog_009.jpg,Cat_n_Dog_010.jpg,Cat_n_Dog_011.jpg,Cat_n_Dog_012.jpg,Cat_n_Dog_013.jpg,Cat_n_Dog_014.jpg,Cat_n_Dog_015.jpg,Cat_n_Man_001.jpg,Cat_n_Man_002.jpg,Cat_n_Man_003.jpg,Cat_n_Man_004.jpg,Cat_n_Man_005.jpg,Cat_n_Man_006.jpg,Cat_n_Man_007.jpg,Cat_n_Man_008.jpg,Cat_n_Man_009.jpg,Cat_n_Man_010.jpg,Cat_n_Women_001.jpg,Cat_n_Women_002.jpg,Cat_n_Women_003.jpg,Cat_n_Women_004.jpg,Cat_n_Women_005.jpg,Cat_n_Women_006.jpg,Cat_n_Women_007.jpg,Cat_n_Women_008.jpg,Cat_n_Women_009.jpg,Cat_n_Women_010.jpg,Cat_n_Women_011.jpg,Cat_n_Women_012.jpg,Cat_n_Women_013.jpg,Dog_001.jpg,Dog_002.jpg,Dog_003.jpg,Dog_004.jpg,Dog_005.jpg,Dog_006.jpg,Dog_007.jpg,Dog_008.jpg,Dog_009.jpg,Dog_010.jpg,Dog_011.jpg,Dog_012.jpg,Dog_013.jpg,Dog_014.jpg,Dog_015.jpg,Dog_016.jpg,Dog_017.jpg,Dog_019.jpg,Dog_020.jpg,Dog_021.jpg,Dog_022.jpg,Dog_023.jpg,Dog_024.jpg,Dog_025.jpg,Dog_026.jpg,Dog_027.jpg,Dog_028.jpg,Dog_029.jpg,Dog_030.jpg,Dog_031.jpg,Dog_032.jpg,Dog_033.jpg,Dog_034.jpg,Dog_035.jpg,Dog_036.jpg,Dog_037.jpg,Dog_038.jpg,Dog_039.jpg,Dog_040.jpg,Dog_041.jpg,Dog_042.jpg,Dog_043.jpg,Dog_n_Man_001.jpg,Dog_n_Man_002.jpg,Dog_n_Man_003.jpg,Dog_n_Man_004.jpg,Dog_n_Man_005.jpg,Dog_n_Man_006.jpg,Dog_n_Man_007.jpg,Dog_n_Man_008.jpg,Dog_n_Man_009.jpg,Dog_n_Man_010.jpg,Dog_n_Man_011.jpg,Dog_n_Man_013.jpg,Dog_n_Man_014.jpg,Dog_n_Man_015.jpg,Dog_n_Man_016.jpg,Dog_n_Man_017.jpg,Dog_n_Man_018.jpg,Dog_n_Man_019.jpg,Dog_n_Man_020.jpg,Dog_n_Man_021.jpg,Dog_n_Man_022.jpg,Dog_n_Man_023.jpg,Dog_n_Man_024.jpg,Dog_n_Man_025.jpg,Dog_n_Man_026.jpg,Dog_n_Woman_001.jpg,Dog_n_Woman_002.jpg,Dog_n_Woman_003.jpg,Dog_n_Woman_004.jpg,Dog_n_Woman_005.jpg,Dog_n_Woman_006.jpg,Dog_n_Woman_007.jpg,Dog_n_Woman_008.jpg,Dog_n_Woman_009.jpg,Dog_n_Woman_010.jpg,Dog_n_Woman_011.jpg,Dog_n_Woman_013.jpg,Dog_n_Woman_015.jpg,Dog_n_Woman_016.jpg,Dog_n_Woman_017.jpg,Dog_n_Woman_018.jpg,Dog_n_Woman_019.jpg,Dog_n_Woman_020.jpg,Dog_n_Woman_022.jpg,Dog_n_Woman_023.jpg,Dog_n_Woman_024.jpg,Dog_n_Woman_025.jpg
Cat_001.jpg,0.0,0.5622765421867371,0.591035008430481,0.5363420844078064,0.5504245758056641,0.5472021102905273,0.5835344195365906,0.5160101652145386,0.668647289276123,0.48370590806007385,0.4850601553916931,0.548975944519043,0.4145359694957733,0.6164436340332031,0.583462119102478,0.428182452917099,0.633522093296051,0.8275068402290344,0.5230613946914673,0.5542339086532593,0.5598821640014648,0.5810041427612305,0.8878633975982666,0.580053985118866,0.50264573097229,0.43897202610969543,0.7328490614891052,0.4985332489013672,0.5655333995819092,0.47318926453590393,0.434678852558136,0.5275630950927734,0.6992453932762146,0.5560705065727234,0.6556321382522583,0.6928855180740356,0.7064642906188965,0.6252932548522949,0.6712832450866699,0.6168360710144043,0.6168360710144043,0.6168360710144043,0.7249317765235901,0.694353461265564,0.6521672606468201,0.5509976148605347,0.645625114440918,0.5541331768035889,0.4490017592906952,0.4968099296092987,0.5490646958351135,0.5568820834159851,0.5653097629547119,0.5299215316772461,0.5198299288749695,0.5438277721405029,0.5809980034828186,0.5658396482467651,0.5144973397254944,0.554203450679779,0.46100255846977234,0.5654286742210388,0.5025995373725891,0.6232364773750305,0.4859500825405121,0.47353118658065796,0.48362141847610474,0.5580568909645081,0.5565516948699951,0.5440665483474731,0.4869953393936157,0.6642880439758301,0.5400512218475342,0.4657948613166809,0.6556606292724609,0.5751541256904602,0.5151604413986206,0.6550968289375305,0.5892043113708496,0.5751541256904602,0.4792596995830536,0.6556606292724609,0.6276788115501404,0.6556606292724609,0.5140459537506104,0.5954810380935669,0.6077014207839966,0.5367071628570557,0.6668341159820557,0.593391478061676,0.6194889545440674,0.6232460737228394,0.49551746249198914,0.6589066386222839,0.5769477486610413,0.5160320401191711,0.5751541256904602,0.6328504681587219,0.5857017636299133,0.6805791854858398,0.4117107689380646,0.45372873544692993,0.24477453529834747,0.6198892593383789,0.472220778465271,0.6104289293289185,0.626915454864502,0.46421128511428833,0.4808746576309204,0.5155920386314392,0.5953099131584167,0.5226938724517822,0.07922402769327164,0.07922402769327164,0.07922402769327164,0.07922402769327164,0.07922402769327164,0.07922402769327164,0.07922402769327164,0.07922402769327164,0.07922402769327164,0.07922402769327164,0.07922402769327164,0.07922402769327164,0.07922402769327164,0.07922402769327164,0.07922402769327164,0.07922402769327164,0.07922402769327164,0.07922402769327164,0.07922402769327164,0.07922402769327164,0.07922402769327164,0.07922402769327164,0.07922402769327164,0.07922402769327164,0.07922402769327164,0.07922402769327164,0.07922402769327164,0.07922402769327164,0.07922402769327164,0.07922402769327164,0.07922402769327164,0.07922402769327164,0.07922402769327164,0.07922402769327164,0.07922402769327164,0.07922402769327164,0.07922402769327164,0.07922402769327164,0.07922402769327164,0.07922402769327164,0.07922402769327164,0.07922402769327164,0.07922402769327164,0.07922402769327164,0.07922402769327164,0.07922402769327164,0.07922402769327164
Cat_002.jpg,0.5622765421867371,0.0,0.5671480298042297,0.5576252341270447,0.9394421577453613,0.6479634642601013,0.7987931966781616,0.582413911819458,0.6659501791000366,0.5749465823173523,0.5294891595840454,0.6743171215057373,0.6696434617042542,0.7772483229637146,0.6135191321372986,0.5155392289161682,0.7592793107032776,0.6129791140556335,0.7455989718437195,0.7636721730232239,0.8196336030960083,0.6761713624000549,0.7107574343681335,0.7816572785377502,0.6394534111022949,0.66396564245224,0.6364002823829651,0.8756429553031921,0.8406978845596313,0.6974594593048096,0.5212121605873108,0.5987697243690491,0.8115504384040833,0.7524170279502869,0.5950799584388733,0.6327966451644897,0.7436901926994324,0.7760944962501526,0.7061243653297424,0.7292092442512512,0.7292092442512512,0.7292092442512512,0.7744694352149963,0.7888036370277405,0.7507888078689575,0.7750271558761597,0.7897482514381409,0.7618531584739685,0.628330647945404,0.7768899202346802,0.7375285625457764,0.6701338291168213,0.772506058216095,0.6752458810806274,0.7580379247665405,0.7579449415206909,0.6832234859466553,0.6587826013565063,0.72345370054245,0.733666718006134,0.7201849222183228,0.719535768032074,0.7542219161987305,0.7499958276748657,0.7392523288726807,0.6584126949310303,0.7485947012901306,0.5192910432815552,0.7358678579330444,0.7665697336196899,0.7743358612060547,0.48741456866264343,0.5775213837623596,0.5288766622543335,0.6093263626098633,0.49111407995224,0.4893255829811096,0.6500036716461182,0.5486893057823181,0.49111407995224,0.6530129313468933,0.6093263626098633,0.6892842650413513,0.6093263626098633,0.7033168077468872,0.6784451007843018,0.46954137086868286,0.5246053338050842,0.5671096444129944,0.5852508544921875,0.637042224407196,0.48336946964263916,0.4596691429615021,0.6124000549316406,0.5617835521697998,0.6310675740242004,0.49111407995224,0.669546365737915,0.48557841777801514,0.5235288143157959,0.5439590215682983,0.6604986190795898,0.35410332679748535,0.5221912860870361,0.6182482242584229,0.5547019243240356,0.5447205305099487,0.47900477051734924,0.5365617275238037,0.45987045764923096,0.691496729850769,0.4263668954372406,0.10495293885469437,0.10495293885469437,0.10495293885469437,0.10495293885469437,0.10495293885469437,0.10495293885469437,0.10495293885469437,0.10495293885469437,0.10495293885469437,0.10495293885469437,0.10495293885469437,0.10495293885469437,0.10495293885469437,0.10495293885469437,0.10495293885469437,0.10495293885469437,0.10495293885469437,0.10495293885469437,0.10495293885469437,0.10495293885469437,0.10495293885469437,0.10495293885469437,0.10495293885469437,0.10495293885469437,0.10495293885469437,0.10495293885469437,0.10495293885469437,0.10495293885469437,0.10495293885469437,0.10495293885469437,0.10495293885469437,0.10495293885469437,0.10495293885469437,0.10495293885469437,0.10495293885469437,0.10495293885469437,0.10495293885469437,0.10495293885469437,0.10495293885469437,0.10495293885469437,0.10495293885469437,0.10495293885469437,0.10495293885469437,0.10495293885469437,0.10495293885469437,0.10495293885469437,0.10495293885469437
Cat_003.jpg,0.591035008430481,0.5671480298042297,0.0,0.5057313442230225,0.5122542381286621,0.7974170446395874,0.5781658887863159,0.5206238627433777,0.6250442266464233,0.7670590877532959,0.5457096695899963,0.762924075126648,0.5175958871841431,0.5784726738929749,0.6868545413017273,0.8240746855735779,0.6778990030288696,0.7657623887062073,0.5401374697685242,0.5588414072990417,0.5286263823509216,0.5353042483329773,0.6471306681632996,0.5556992292404175,0.5088397860527039,0.6766935586929321,0.8083223104476929,0.49763286113739014,0.45973315834999084,0.7469761967658997,0.5665680170059204,0.5645149946212769,0.5905542373657227,0.6962546110153198,0.5623939633369446,0.5919091701507568,0.6368458867073059,0.7445324063301086,0.6271451711654663,0.5920265913009644,0.5920265913009644,0.5920265913009644,0.5698146224021912,0.5742090940475464,0.5592921376228333,0.7605926394462585,0.6494578123092651,0.5410834550857544,0.6147394776344299,0.6164376735687256,0.5702072381973267,0.5567092299461365,0.5454511046409607,0.5335965156555176,0.5484598875045776,0.5413640141487122,0.5622518658638,0.5749216675758362,0.6139053702354431,0.5806785225868225,0.6120604276657104,0.5345242619514465,0.6018762588500977,0.5478338003158569,0.6795583367347717,0.5529713034629822,0.5697487592697144,0.45248016715049744,0.5210886597633362,0.5665552020072937,0.5132488012313843,0.45691078901290894,0.40001922845840454,0.5775030255317688,0.4557728171348572,0.4534705579280853,0.4382900595664978,0.483216255903244,0.4696987569332123,0.4534705579280853,0.5738263726234436,0.4557728171348572,0.49801111221313477,0.4557728171348572,0.6325119137763977,0.5093519687652588,0.47685250639915466,0.4340723752975464,0.49561548233032227,0.4150858521461487,0.5406795740127563,0.4344277083873749,0.40387412905693054,0.4627634882926941,0.3931371569633484,0.5244866609573364,0.4534705579280853,0.4966067671775818,0.5051594972610474,0.5219135880470276,0.5832334756851196,0.4694265127182007,0.43830937147140503,0.46880674362182617,0.45436275005340576,0.500449001789093,0.4540702998638153,0.4115496575832367,0.4225090444087982,0.39923688769340515,0.5386408567428589,0.3754289746284485,0.08737858384847641,0.08737858384847641,0.08737858384847641,0.08737858384847641,0.08737858384847641,0.08737858384847641,0.08737858384847641,0.08737858384847641,0.08737858384847641,0.08737858384847641,0.08737858384847641,0.08737858384847641,0.08737858384847641,0.08737858384847641,0.08737858384847641,0.08737858384847641,0.08737858384847641,0.08737858384847641,0.08737858384847641,0.08737858384847641,0.08737858384847641,0.08737858384847641,0.08737858384847641,0.08737858384847641,0.08737858384847641,0.08737858384847641,0.08737858384847641,0.08737858384847641,0.08737858384847641,0.08737858384847641,0.08737858384847641,0.08737858384847641,0.08737858384847641,0.08737858384847641,0.08737858384847641,0.08737858384847641,0.08737858384847641,0.08737858384847641,0.08737858384847641,0.08737858384847641,0.08737858384847641,0.08737858384847641,0.08737858384847641,0.08737858384847641,0.08737858384847641,0.08737858384847641,0.08737858384847641
Cat_004.jpg,0.5363420844078064,0.5576252341270447,0.5057313442230225,0.0,0.5325632691383362,0.5443480610847473,0.5948896408081055,0.9281481504440308,0.5516579747200012,0.8449255228042603,0.5593650341033936,0.5397074222564697,0.48049065470695496,0.5880469679832458,0.5570324659347534,0.4567318856716156,0.5963940620422363,0.5384913682937622,0.4738464951515198,0.5500449538230896,0.7712065577507019,0.8348599672317505,0.5313190817832947,0.5198830962181091,0.801236629486084,0.4714672267436981,0.49086371064186096,0.5277237892150879,0.5576044917106628,0.4689848721027374,0.6514164209365845,0.5284289121627808,0.5991390943527222,0.5269084572792053,0.6145365834236145,0.6551210880279541,0.6973210573196411,0.5736786723136902,0.5451962947845459,0.6333138346672058,0.6333138346672058,0.6333138346672058,0.5886664390563965,0.6210956573486328,0.5986202955245972,0.506779670715332,0.578816294670105,0.479036420583725,0.5672455430030823,0.472846120595932,0.5130809545516968,0.49170419573783875,0.5483827590942383,0.466485857963562,0.49930548667907715,0.5140953660011292,0.5449230074882507,0.47218018770217896,0.44751447439193726,0.46741023659706116,0.4170393943786621,0.5161116719245911,0.43915078043937683,0.5246184468269348,0.46415993571281433,0.47144025564193726,0.40756461024284363,0.49101272225379944,0.49505528807640076,0.49889683723449707,0.4540252387523651,0.5135326385498047,0.4661445617675781,0.36813849210739136,0.5093629956245422,0.5020610094070435,0.5062544941902161,0.5257065296173096,0.5140463709831238,0.5020610094070435,0.5219274163246155,0.5093629956245422,0.5165154933929443,0.5093629956245422,0.4287828803062439,0.494519978761673,0.5311190485954285,0.4324367642402649,0.5146125555038452,0.5201700925827026,0.5912509560585022,0.5069687962532043,0.38268688321113586,0.5082448124885559,0.5084326863288879,0.5422511696815491,0.5020610094070435,0.5443375110626221,0.5537521243095398,0.6075308322906494,0.4293175935745239,0.4104960560798645,0.3087014853954315,0.5343517661094666,0.3943355679512024,0.48988819122314453,0.5214465260505676,0.41311803460121155,0.4548492729663849,0.501931369304657,0.5775468349456787,0.4140471816062927,0.13395193219184875,0.13395193219184875,0.13395193219184875,0.13395193219184875,0.13395193219184875,0.13395193219184875,0.13395193219184875,0.13395193219184875,0.13395193219184875,0.13395193219184875,0.13395193219184875,0.13395193219184875,0.13395193219184875,0.13395193219184875,0.13395193219184875,0.13395193219184875,0.13395193219184875,0.13395193219184875,0.13395193219184875,0.13395193219184875,0.13395193219184875,0.13395193219184875,0.13395193219184875,0.13395193219184875,0.13395193219184875,0.13395193219184875,0.13395193219184875,0.13395193219184875,0.13395193219184875,0.13395193219184875,0.13395193219184875,0.13395193219184875,0.13395193219184875,0.13395193219184875,0.13395193219184875,0.13395193219184875,0.13395193219184875,0.13395193219184875,0.13395193219184875,0.13395193219184875,0.13395193219184875,0.13395193219184875,0.13395193219184875,0.13395193219184875,0.13395193219184875,0.13395193219184875,0.13395193219184875
Cat_005.jpg,0.5504245758056641,0.9394421577453613,0.5122542381286621,0.5325632691383362,0.0,0.6361304521560669,0.8112431764602661,0.5499008893966675,0.6720002889633179,0.5401404500007629,0.45619139075279236,0.6542678475379944,0.6212397217750549,0.7627950310707092,0.6103535890579224,0.48021069169044495,0.7096377611160278,0.5966742634773254,0.7403509616851807,0.763826310634613,0.7946229577064514,0.6646840572357178,0.6975113749504089,0.7741434574127197,0.6164218187332153,0.6632380485534668,0.6017069220542908,0.8771485090255737,0.8440041542053223,0.6685541868209839,0.442312628030777,0.5506787300109863,0.8194477558135986,0.7397289872169495,0.5394043326377869,0.6071495413780212,0.7530152201652527,0.7532596588134766,0.6506699323654175,0.7021167874336243,0.7021167874336243,0.7021167874336243,0.7759336829185486,0.794476330280304,0.7498318552970886,0.7778646945953369,0.7854092121124268,0.7873085737228394,0.5668829083442688,0.775597333908081,0.7551496028900146,0.6547878980636597,0.7878058552742004,0.6714917421340942,0.7653224468231201,0.7810205221176147,0.6755775809288025,0.6325452923774719,0.7184657454490662,0.7547093629837036,0.7254488468170166,0.7182716727256775,0.760492742061615,0.761838972568512,0.7344842553138733,0.6312466263771057,0.7582846879959106,0.46753624081611633,0.7509321570396423,0.7640635371208191,0.7579125761985779,0.4469698667526245,0.6003310084342957,0.4715949594974518,0.6016051173210144,0.43250706791877747,0.4321345388889313,0.6511728763580322,0.5025331974029541,0.43250706791877747,0.6274439692497253,0.6016051173210144,0.693696916103363,0.6016051173210144,0.6869679093360901,0.6111282110214233,0.4354372024536133,0.484183669090271,0.5104139447212219,0.5502660274505615,0.6102258563041687,0.4438771605491638,0.38257744908332825,0.5967228412628174,0.5228763222694397,0.5748768448829651,0.43250706791877747,0.6345168948173523,0.44749510288238525,0.4751468598842621,0.5154130458831787,0.6859313249588013,0.3051398992538452,0.4705263376235962,0.5860299468040466,0.4934571385383606,0.5176598429679871,0.4381428360939026,0.46937817335128784,0.395519495010376,0.6711084842681885,0.37429279088974,0.10904379189014435,0.10904379189014435,0.10904379189014435,0.10904379189014435,0.10904379189014435,0.10904379189014435,0.10904379189014435,0.10904379189014435,0.10904379189014435,0.10904379189014435,0.10904379189014435,0.10904379189014435,0.10904379189014435,0.10904379189014435,0.10904379189014435,0.10904379189014435,0.10904379189014435,0.10904379189014435,0.10904379189014435,0.10904379189014435,0.10904379189014435,0.10904379189014435,0.10904379189014435,0.10904379189014435,0.10904379189014435,0.10904379189014435,0.10904379189014435,0.10904379189014435,0.10904379189014435,0.10904379189014435,0.10904379189014435,0.10904379189014435,0.10904379189014435,0.10904379189014435,0.10904379189014435,0.10904379189014435,0.10904379189014435,0.10904379189014435,0.10904379189014435,0.10904379189014435,0.10904379189014435,0.10904379189014435,0.10904379189014435,0.10904379189014435,0.10904379189014435,0.10904379189014435,0.10904379189014435
Cat_006.jpg,0.5472021102905273,0.6479634642601013,0.7974170446395874,0.5443480610847473,0.6361304521560669,0.0,0.6579077839851379,0.5505304932594299,0.6080155372619629,0.7266874313354492,0.5389639139175415,0.7343812584877014,0.5452603697776794,0.6175837516784668,0.7191837430000305,0.8054232597351074,0.6140334010124207,0.7227206230163574,0.5551139712333679,0.6540096402168274,0.631046712398529,0.6170502305030823,0.6431090831756592,0.5809298157691956,0.5683937668800354,0.730581521987915,0.716656506061554,0.5910633206367493,0.5944610238075256,0.8099417090415955,0.5254303812980652,0.5359824299812317,0.6523483395576477,0.7548639178276062,0.5277506113052368,0.5816123485565186,0.679356575012207,0.7258312106132507,0.6120527982711792,0.6129688024520874,0.6129688024520874,0.6129688024520874,0.6063851714134216,0.6329777240753174,0.6367837190628052,0.8136945962905884,0.6796658635139465,0.6070355176925659,0.6118294596672058,0.6357697248458862,0.7346094250679016,0.5855996608734131,0.6217350959777832,0.6205146908760071,0.6367629170417786,0.6511117815971375,0.5947327613830566,0.5783339738845825,0.7162991166114807,0.7090393304824829,0.7375688552856445,0.5833209156990051,0.6392406225204468,0.6215449571609497,0.7891407012939453,0.5821262001991272,0.5965065360069275,0.46647801995277405,0.5959187746047974,0.6159297227859497,0.5692272186279297,0.4340130388736725,0.48169830441474915,0.5259115099906921,0.5195925831794739,0.42927107214927673,0.4390493631362915,0.5455418825149536,0.4724270701408386,0.42927107214927673,0.6391499638557434,0.5195925831794739,0.5536836981773376,0.5195925831794739,0.6283371448516846,0.560327410697937,0.48201411962509155,0.40009525418281555,0.4617941677570343,0.45991769433021545,0.5909960269927979,0.4174046516418457,0.37932267785072327,0.5045580863952637,0.4501073360443115,0.5256626605987549,0.42927107214927673,0.5553030967712402,0.5260299444198608,0.5054309368133545,0.6873777508735657,0.5680885314941406,0.4454666078090668,0.46673381328582764,0.5170066356658936,0.5170490145683289,0.49126824736595154,0.43349871039390564,0.4296448230743408,0.3913463354110718,0.5458057522773743,0.38896670937538147,0.10521089285612106,0.10521089285612106,0.10521089285612106,0.10521089285612106,0.10521089285612106,0.10521089285612106,0.10521089285612106,0.10521089285612106,0.10521089285612106,0.10521089285612106,0.10521089285612106,0.10521089285612106,0.10521089285612106,0.10521089285612106,0.10521089285612106,0.10521089285612106,0.10521089285612106,0.10521089285612106,0.10521089285612106,0.10521089285612106,0.10521089285612106,0.10521089285612106,0.10521089285612106,0.10521089285612106,0.10521089285612106,0.10521089285612106,0.10521089285612106,0.10521089285612106,0.10521089285612106,0.10521089285612106,0.10521089285612106,0.10521089285612106,0.10521089285612106,0.10521089285612106,0.10521089285612106,0.10521089285612106,0.10521089285612106,0.10521089285612106,0.10521089285612106,0.10521089285612106,0.10521089285612106,0.10521089285612106,0.10521089285612106,0.10521089285612106,0.10521089285612106,0.10521089285612106,0.10521089285612106
Cat_007.jpg,0.5835344195365906,0.7987931966781616,0.5781658887863159,0.5948896408081055,0.8112431764602661,0.6579077839851379,0.0,0.7147929072380066,0.7788135409355164,0.5584536194801331,0.5123089551925659,0.7967774271965027,0.8261006474494934,0.9155095815658569,0.6769680380821228,0.5810016393661499,0.6590863466262817,0.6453015804290771,0.7352124452590942,0.8483730554580688,0.6997556090354919,0.766219973564148,0.7121248841285706,0.7597043514251709,0.6916026473045349,0.7027683854103088,0.735113799571991,0.7773953676223755,0.7623458504676819,0.6943598985671997,0.5157079696655273,0.7324177622795105,0.8452364206314087,0.7817098498344421,0.6094569563865662,0.6785608530044556,0.7958240509033203,0.8133577108383179,0.7381618022918701,0.9042960405349731,0.9042960405349731,0.9042960405349731,0.800573468208313,0.8262108564376831,0.8063571453094482,0.8112000226974487,0.8225218653678894,0.807324230670929,0.6520717740058899,0.7871987819671631,0.7639183402061462,0.7114696502685547,0.804635763168335,0.6678670048713684,0.7714465260505676,0.7879251837730408,0.721823513507843,0.6775520443916321,0.7422616481781006,0.7758980989456177,0.7062200903892517,0.7789899110794067,0.7974836826324463,0.8049547076225281,0.7252805829048157,0.7252215147018433,0.769669234752655,0.5739708542823792,0.8174682855606079,0.791462242603302,0.7680515646934509,0.5149489641189575,0.5999171137809753,0.5402901768684387,0.6509043574333191,0.5065469145774841,0.5180242657661438,0.703945517539978,0.5596579313278198,0.5065469145774841,0.6860596537590027,0.6509043574333191,0.744567334651947,0.6509043574333191,0.7107397317886353,0.6080504059791565,0.46596843004226685,0.5204764008522034,0.5688913464546204,0.5771068334579468,0.6965925097465515,0.5068193674087524,0.47026368975639343,0.6352429389953613,0.5457087755203247,0.6416231989860535,0.5065469145774841,0.6667932868003845,0.510876476764679,0.5545049905776978,0.5503707528114319,0.6730931401252747,0.3303591310977936,0.5389432311058044,0.6357274651527405,0.5460730791091919,0.6432666182518005,0.5019211173057556,0.49844807386398315,0.4603961408138275,0.713443398475647,0.4287630319595337,0.1604377031326294,0.1604377031326294,0.1604377031326294,0.1604377031326294,0.1604377031326294,0.1604377031326294,0.1604377031326294,0.1604377031326294,0.1604377031326294,0.1604377031326294,0.1604377031326294,0.1604377031326294,0.1604377031326294,0.1604377031326294,0.1604377031326294,0.1604377031326294,0.1604377031326294,0.1604377031326294,0.1604377031326294,0.1604377031326294,0.1604377031326294,0.1604377031326294,0.1604377031326294,0.1604377031326294,0.1604377031326294,0.1604377031326294,0.1604377031326294,0.1604377031326294,0.1604377031326294,0.1604377031326294,0.1604377031326294,0.1604377031326294,0.1604377031326294,0.1604377031326294,0.1604377031326294,0.1604377031326294,0.1604377031326294,0.1604377031326294,0.1604377031326294,0.1604377031326294,0.1604377031326294,0.1604377031326294,0.1604377031326294,0.1604377031326294,0.1604377031326294,0.1604377031326294,0.1604377031326294
Cat_008.jpg,0.5160101652145386,0.582413911819458,0.5206238627433777,0.9281481504440308,0.5499008893966675,0.5505304932594299,0.7147929072380066,0.0,0.6073958873748779,0.8120639324188232,0.5410293340682983,0.6458960771560669,0.6281611323356628,0.6843150854110718,0.542680025100708,0.49246928095817566,0.6130574345588684,0.5351654291152954,0.482247531414032,0.6838802099227905,0.7484819889068604,0.8967810869216919,0.5425100326538086,0.5401257276535034,0.8766928911209106,0.491502046585083,0.616172730922699,0.5801237225532532,0.5891708731651306,0.5040172934532166,0.6504740118980408,0.6872414350509644,0.5936316251754761,0.5442051291465759,0.5992664098739624,0.6401287317276001,0.677056610584259,0.5991916060447693,0.5726462006568909,0.7462695240974426,0.7462695240974426,0.7462695240974426,0.5873832106590271,0.6152188181877136,0.5937126278877258,0.5293369889259338,0.5843958854675293,0.5141194462776184,0.5985568165779114,0.5357201099395752,0.5534732341766357,0.538648784160614,0.5640581250190735,0.5006088614463806,0.5291593074798584,0.5417481660842896,0.550507128238678,0.5092734098434448,0.48760342597961426,0.4888225793838501,0.4595699906349182,0.5874418020248413,0.496940016746521,0.5497905015945435,0.5003829598426819,0.5583720803260803,0.4700208604335785,0.5281280875205994,0.5498369336128235,0.5209789872169495,0.49232277274131775,0.5047049522399902,0.4507612884044647,0.3886550962924957,0.5103815197944641,0.5004478096961975,0.5122216939926147,0.5185118913650513,0.5357796549797058,0.5004478096961975,0.5388107299804688,0.5103815197944641,0.5254092812538147,0.5103815197944641,0.4538753628730774,0.5170989632606506,0.5063732862472534,0.4355852007865906,0.5211771130561829,0.5170844197273254,0.5864879488945007,0.5028504133224487,0.41108623147010803,0.51731938123703,0.49669602513313293,0.577843189239502,0.5004478096961975,0.5459324717521667,0.5349231362342834,0.5944754481315613,0.4435068666934967,0.42367368936538696,0.3265931010246277,0.5339047312736511,0.39777252078056335,0.487893670797348,0.5244414806365967,0.4146439731121063,0.4826197922229767,0.48698878288269043,0.6109156608581543,0.4131120443344116,0.13424916565418243,0.13424916565418243,0.13424916565418243,0.13424916565418243,0.13424916565418243,0.13424916565418243,0.13424916565418243,0.13424916565418243,0.13424916565418243,0.13424916565418243,0.13424916565418243,0.13424916565418243,0.13424916565418243,0.13424916565418243,0.13424916565418243,0.13424916565418243,0.13424916565418243,0.13424916565418243,0.13424916565418243,0.13424916565418243,0.13424916565418243,0.13424916565418243,0.13424916565418243,0.13424916565418243,0.13424916565418243,0.13424916565418243,0.13424916565418243,0.13424916565418243,0.13424916565418243,0.13424916565418243,0.13424916565418243,0.13424916565418243,0.13424916565418243,0.13424916565418243,0.13424916565418243,0.13424916565418243,0.13424916565418243,0.13424916565418243,0.13424916565418243,0.13424916565418243,0.13424916565418243,0.13424916565418243,0.13424916565418243,0.13424916565418243,0.13424916565418243,0.13424916565418243,0.13424916565418243
Cat_009.jpg,0.668647289276123,0.6659501791000366,0.6250442266464233,0.5516579747200012,0.6720002889633179,0.6080155372619629,0.7788135409355164,0.6073958873748779,0.0,0.607832133769989,0.48235130310058594,0.7220622301101685,0.6515675187110901,0.7535855770111084,0.6267452239990234,0.6032199263572693,0.5709131956100464,0.68519526720047,0.6008103489875793,0.7052206993103027,0.6267890334129333,0.6905392408370972,0.7378292083740234,0.6462118029594421,0.6173409223556519,0.6520435214042664,0.7396578192710876,0.6099677085876465,0.6630464792251587,0.643334150314331,0.49813953042030334,0.650790810585022,0.7610070705413818,0.7108747363090515,0.6427059173583984,0.7009453773498535,0.7831873893737793,0.7876296043395996,0.7264315485954285,0.7697953581809998,0.7697953581809998,0.7697953581809998,0.7254033088684082,0.7603642344474792,0.7561190724372864,0.7334644198417664,0.7812494039535522,0.6553855538368225,0.651986300945282,0.6494418382644653,0.685302734375,0.6260045766830444,0.6603630185127258,0.6326062679290771,0.6634451150894165,0.6740025281906128,0.6404485106468201,0.6377906203269958,0.6115995645523071,0.6643107533454895,0.62425297498703,0.6215600967407227,0.6709187626838684,0.6975291967391968,0.6119428873062134,0.5721612572669983,0.6028211712837219,0.5883864164352417,0.6809353232383728,0.6400837898254395,0.6215224266052246,0.5876653790473938,0.5533156991004944,0.5864760875701904,0.6545574069023132,0.5178197622299194,0.5091582536697388,0.6834030747413635,0.6011151075363159,0.5178197622299194,0.5983107089996338,0.6545574069023132,0.7032827734947205,0.6545574069023132,0.6598849296569824,0.6157524585723877,0.47837772965431213,0.5149672031402588,0.5988160371780396,0.5825802087783813,0.6400514841079712,0.510094165802002,0.522156834602356,0.6204744577407837,0.5418954491615295,0.5981479287147522,0.5178197622299194,0.6527549028396606,0.5315592288970947,0.5955919623374939,0.5497680306434631,0.5933482050895691,0.29719555377960205,0.5718160271644592,0.6049146056175232,0.5935998558998108,0.6197126507759094,0.5108956098556519,0.4598359167575836,0.4586292803287506,0.6295223236083984,0.46169546246528625,0.15764003992080688,0.15764003992080688,0.15764003992080688,0.15764003992080688,0.15764003992080688,0.15764003992080688,0.15764003992080688,0.15764003992080688,0.15764003992080688,0.15764003992080688,0.15764003992080688,0.15764003992080688,0.15764003992080688,0.15764003992080688,0.15764003992080688,0.15764003992080688,0.15764003992080688,0.15764003992080688,0.15764003992080688,0.15764003992080688,0.15764003992080688,0.15764003992080688,0.15764003992080688,0.15764003992080688,0.15764003992080688,0.15764003992080688,0.15764003992080688,0.15764003992080688,0.15764003992080688,0.15764003992080688,0.15764003992080688,0.15764003992080688,0.15764003992080688,0.15764003992080688,0.15764003992080688,0.15764003992080688,0.15764003992080688,0.15764003992080688,0.15764003992080688,0.15764003992080688,0.15764003992080688,0.15764003992080688,0.15764003992080688,0.15764003992080688,0.15764003992080688,0.15764003992080688,0.15764003992080688
Cat_010.jpg,0.48370590806007385,0.5749465823173523,0.7670590877532959,0.8449255228042603,0.5401404500007629,0.7266874313354492,0.5584536194801331,0.8120639324188232,0.607832133769989,0.0,0.5776292681694031,0.7049184441566467,0.5034494996070862,0.562355101108551,0.6650406718254089,0.7192186713218689,0.569301426410675,0.6499802470207214,0.5021457672119141,0.5776446461677551,0.7373474836349487,0.7986690402030945,0.5521697998046875,0.5324044227600098,0.7690966725349426,0.650023877620697,0.6678457856178284,0.5241450667381287,0.5300925970077515,0.6789060235023499,0.6792646646499634,0.5573204755783081,0.5905886292457581,0.6751959323883057,0.587389349937439,0.6407524347305298,0.7139176726341248,0.6793367266654968,0.6115260124206543,0.58628910779953,0.58628910779953,0.58628910779953,0.5710071921348572,0.5987454652786255,0.5964087247848511,0.6871652007102966,0.6318516135215759,0.5100767612457275,0.6734269857406616,0.5612097382545471,0.5518307089805603,0.5292232632637024,0.5484795570373535,0.5227128863334656,0.56751948595047,0.5528226494789124,0.5668242573738098,0.5453146696090698,0.563385546207428,0.5456807613372803,0.5659897923469543,0.5476133227348328,0.5366474390029907,0.5345730781555176,0.6347631812095642,0.5520428419113159,0.48864421248435974,0.4868963062763214,0.5258337259292603,0.5194851756095886,0.5048827528953552,0.4936102330684662,0.43596893548965454,0.5009759068489075,0.4848996698856354,0.47810468077659607,0.4993787407875061,0.5215080380439758,0.49756962060928345,0.47810468077659607,0.60617995262146,0.4848996698856354,0.5058659315109253,0.4848996698856354,0.5579975247383118,0.524955689907074,0.516038179397583,0.42578378319740295,0.4983353316783905,0.4781644940376282,0.5708481073379517,0.4546499252319336,0.40382567048072815,0.4796455502510071,0.4634339213371277,0.5377278923988342,0.47810468077659607,0.5320881009101868,0.5186064839363098,0.5864277482032776,0.6002083420753479,0.4819354712963104,0.40336960554122925,0.5189459323883057,0.4232054054737091,0.492853581905365,0.491840124130249,0.40582746267318726,0.45620977878570557,0.45967337489128113,0.5749333500862122,0.3948896527290344,0.09016139060258865,0.09016139060258865,0.09016139060258865,0.09016139060258865,0.09016139060258865,0.09016139060258865,0.09016139060258865,0.09016139060258865,0.09016139060258865,0.09016139060258865,0.09016139060258865,0.09016139060258865,0.09016139060258865,0.09016139060258865,0.09016139060258865,0.09016139060258865,0.09016139060258865,0.09016139060258865,0.09016139060258865,0.09016139060258865,0.09016139060258865,0.09016139060258865,0.09016139060258865,0.09016139060258865,0.09016139060258865,0.09016139060258865,0.09016139060258865,0.09016139060258865,0.09016139060258865,0.09016139060258865,0.09016139060258865,0.09016139060258865,0.09016139060258865,0.09016139060258865,0.09016139060258865,0.09016139060258865,0.09016139060258865,0.09016139060258865,0.09016139060258865,0.09016139060258865,0.09016139060258865,0.09016139060258865,0.09016139060258865,0.09016139060258865,0.09016139060258865,0.09016139060258865,0.09016139060258865
Cat_011.jpg,0.4850601553916931,0.5294891595840454,0.5457096695899963,0.5593650341033936,0.45619139075279236,0.5389639139175415,0.5123089551925659,0.5410293340682983,0.48235130310058594,0.5776292681694031,0.0,0.5475818514823914,0.4788278341293335,0.5467316508293152,0.5618723034858704,0.5044963955879211,0.543173611164093,0.5407217741012573,0.47554537653923035,0.47883522510528564,0.517115592956543,0.5326703786849976,0.49482688307762146,0.4981643557548523,0.5046876072883606,0.49908313155174255,0.5083035826683044,0.4653055965900421,0.4510244131088257,0.5198137164115906,0.4987093210220337,0.5217236876487732,0.5667763352394104,0.560540497303009,0.6213884353637695,0.6036855578422546,0.5858808159828186,0.6082178950309753,0.5541295409202576,0.5846341848373413,0.5846341848373413,0.5846341848373413,0.5556264519691467,0.5708944201469421,0.5559026002883911,0.5359368324279785,0.5835805535316467,0.42679905891418457,0.504248857498169,0.4575739800930023,0.4584755003452301,0.4636327624320984,0.4708871841430664,0.42811882495880127,0.44320210814476013,0.44700461626052856,0.46931958198547363,0.4705340266227722,0.474850058555603,0.4617532789707184,0.44254347681999207,0.5259570479393005,0.46102267503738403,0.4772234857082367,0.4576469361782074,0.4809565544128418,0.42227715253829956,0.4423985481262207,0.483355313539505,0.4671701490879059,0.4335768520832062,0.5006579756736755,0.38488805294036865,0.4739135801792145,0.4870559275150299,0.5179010629653931,0.48329585790634155,0.5010212659835815,0.5346382260322571,0.5179010629653931,0.5802100300788879,0.4870559275150299,0.4690875709056854,0.4870559275150299,0.4974927008152008,0.5549851059913635,0.4471561908721924,0.4209248125553131,0.5079737901687622,0.4731251895427704,0.5185464024543762,0.48705726861953735,0.4071248471736908,0.4897969365119934,0.47913768887519836,0.5106837153434753,0.5179010629653931,0.516112744808197,0.4912923574447632,0.5485320091247559,0.4184325337409973,0.432087242603302,0.2999715507030487,0.5245280861854553,0.45943230390548706,0.5150728225708008,0.49218103289604187,0.45178478956222534,0.4746832549571991,0.5042765736579895,0.5027190446853638,0.424655020236969,0.08506271988153458,0.08506271988153458,0.08506271988153458,0.08506271988153458,0.08506271988153458,0.08506271988153458,0.08506271988153458,0.08506271988153458,0.08506271988153458,0.08506271988153458,0.08506271988153458,0.08506271988153458,0.08506271988153458,0.08506271988153458,0.08506271988153458,0.08506271988153458,0.08506271988153458,0.08506271988153458,0.08506271988153458,0.08506271988153458,0.08506271988153458,0.08506271988153458,0.08506271988153458,0.08506271988153458,0.08506271988153458,0.08506271988153458,0.08506271988153458,0.08506271988153458,0.08506271988153458,0.08506271988153458,0.08506271988153458,0.08506271988153458,0.08506271988153458,0.08506271988153458,0.08506271988153458,0.08506271988153458,0.08506271988153458,0.08506271988153458,0.08506271988153458,0.08506271988153458,0.08506271988153458,0.08506271988153458,0.08506271988153458,0.08506271988153458,0.08506271988153458,0.08506271988153458,0.08506271988153458
Cat_012.jpg,0.548975944519043,0.6743171215057373,0.762924075126648,0.5397074222564697,0.6542678475379944,0.7343812584877014,0.7967774271965027,0.6458960771560669,0.7220622301101685,0.7049184441566467,0.5475818514823914,0.0,0.7366954684257507,0.7673259377479553,0.8563973307609558,0.7499269843101501,0.6228453516960144,0.7048879861831665,0.6326313018798828,0.7495028376579285,0.652321457862854,0.7247564196586609,0.6771290302276611,0.6179807782173157,0.6507911682128906,0.7278165221214294,0.862432062625885,0.6354857683181763,0.6594386100769043,0.7531831860542297,0.581843376159668,0.7168419361114502,0.6969892382621765,0.7776845097541809,0.5539771914482117,0.7283414006233215,0.7513789534568787,0.8106611967086792,0.7238321900367737,0.7642964124679565,0.7642964124679565,0.7642964124679565,0.653938889503479,0.685572624206543,0.7179597616195679,0.8177945017814636,0.7535226941108704,0.6739135384559631,0.7577107548713684,0.7246443033218384,0.7081944942474365,0.6148686408996582,0.6826318502426147,0.6226228475570679,0.6868627071380615,0.6813279986381531,0.6376619338989258,0.6105061769485474,0.6960869431495667,0.695504367351532,0.6865355968475342,0.6529784202575684,0.7165438532829285,0.6784334182739258,0.7309184074401855,0.6601110696792603,0.6645814180374146,0.5341252088546753,0.7006340622901917,0.6744285821914673,0.6788451671600342,0.4906758964061737,0.5085693001747131,0.6134085059165955,0.5734720826148987,0.4645375609397888,0.47887030243873596,0.6034840941429138,0.5275604128837585,0.4645375609397888,0.672641932964325,0.5734720826148987,0.6229367256164551,0.5734720826148987,0.7066558003425598,0.6053148508071899,0.514910876750946,0.4552198648452759,0.5110155344009399,0.5093130469322205,0.652546226978302,0.4451615512371063,0.45496389269828796,0.5532516837120056,0.4900335371494293,0.5869048833847046,0.4645375609397888,0.6206293702125549,0.487438827753067,0.5540949106216431,0.658521294593811,0.6094084978103638,0.4050906002521515,0.5133012533187866,0.5861141681671143,0.5449560880661011,0.5545421838760376,0.46476343274116516,0.49158763885498047,0.41382232308387756,0.6067436337471008,0.39158764481544495,0.1147330105304718,0.1147330105304718,0.1147330105304718,0.1147330105304718,0.1147330105304718,0.1147330105304718,0.1147330105304718,0.1147330105304718,0.1147330105304718,0.1147330105304718,0.1147330105304718,0.1147330105304718,0.1147330105304718,0.1147330105304718,0.1147330105304718,0.1147330105304718,0.1147330105304718,0.1147330105304718,0.1147330105304718,0.1147330105304718,0.1147330105304718,0.1147330105304718,0.1147330105304718,0.1147330105304718,0.1147330105304718,0.1147330105304718,0.1147330105304718,0.1147330105304718,0.1147330105304718,0.1147330105304718,0.1147330105304718,0.1147330105304718,0.1147330105304718,0.1147330105304718,0.1147330105304718,0.1147330105304718,0.1147330105304718,0.1147330105304718,0.1147330105304718,0.1147330105304718,0.1147330105304718,0.1147330105304718,0.1147330105304718,0.1147330105304718,0.1147330105304718,0.1147330105304718,0.1147330105304718
